http://140.115.152.223:7001/data/dataset/pothole/n09398076_6335.JPEG
car 181 16 262 122
car 302 83 402 134
car 76 48 187 146
dog 469 141 506 184
person 556 60 624 212
pothole 132 207 468 442

http://140.115.152.223:7001/data/dataset/pothole/n09398076_3150.JPEG
pothole 140 174 389 407
pothole 222 41 360 124

http://140.115.152.223:7001/data/dataset/pothole/n09398076_12449.JPEG
pothole 180 181 592 472
car -1 27 124 136
car 106 45 214 103
car 192 32 272 90
car 269 40 323 83
car 322 20 417 80
car 462 40 513 78

http://140.115.152.223:7001/data/dataset/pothole/n09398076_2271.JPEG
pothole 182 191 486 479
person 14 3 166 315

http://140.115.152.223:7001/data/dataset/pothole/n09398076_13800.JPEG
pothole 272 195 396 268
car 24 60 101 143
car 93 70 154 103
car 456 88 504 121
car 398 85 426 108
car 422 87 456 118
car 512 79 560 123

http://140.115.152.223:7001/data/dataset/pothole/n09398076_4320.JPEG
pothole 210 204 630 470

http://140.115.152.223:7001/data/dataset/pothole/n09398076_12662.JPEG
pothole 24 90 210 244
pothole 446 72 596 197
pothole 277 271 477 440

http://140.115.152.223:7001/data/dataset/pothole/n09398076_19867.JPEG
pothole 43 180 634 440
car 473 0 638 88
car 219 3 293 32
car 356 1 475 56

http://140.115.152.223:7001/data/dataset/pothole/n09398076_5765.JPEG
pothole 174 235 418 446
tree 445 1 637 160
tree 269 22 428 110
tree 90 22 225 106

http://140.115.152.223:7001/data/dataset/pothole/n09398076_1110.JPEG
pothole 334 237 636 446
car 8 295 469 7

http://140.115.152.223:7001/data/dataset/pothole/n09398076_12729.JPEG
pothole 213 174 356 360
pothole 349 35 498 232

http://140.115.152.223:7001/data/dataset/pothole/n09398076_9334.JPEG
pothole 9 24 599 259
pothole 277 258 551 454

http://140.115.152.223:7001/data/dataset/pothole/n09398076_12033.JPEG
pothole 317 113 633 338

http://140.115.152.223:7001/data/dataset/pothole/n09398076_18921.JPEG
pothole 529 382 578 408
pothole 596 381 639 407
pothole 524 411 601 428
pothole 356 439 597 477
pothole 84 436 347 477
pothole 139 393 252 426
pothole 154 376 205 395
pothole 173 359 230 380
pothole 173 343 234 364
pothole 292 346 491 400
pothole 497 336 539 361
pothole 224 326 344 358
pothole 234 299 332 339
pothole 371 320 499 345
pothole 351 301 445 332

http://140.115.152.223:7001/data/dataset/pothole/n09398076_9175.JPEG
pothole 288 152 585 326
pothole 286 72 390 132
pothole 434 100 514 148
pothole 396 25 456 90

http://140.115.152.223:7001/data/dataset/pothole/n09398076_1484.JPEG
pothole 349 161 484 307

http://140.115.152.223:7001/data/dataset/pothole/n09398076_7349.JPEG
person 268 11 349 86
car 112 216 3 49
car 242 116 4 4
car 459 62 368 10

http://140.115.152.223:7001/data/dataset/pothole/n09398076_11746.JPEG
pothole 135 144 473 382

http://140.115.152.223:7001/data/dataset/pothole/n09398076_276.JPEG
pothole 172 324 388 449
person 300 48 599 357
door 88 42 152 116

http://140.115.152.223:7001/data/dataset/pothole/n09398076_19955.JPEG
pothole 114 183 488 316
car 148 151 1 15
car 568 68 624 113
car 477 60 531 99

http://140.115.152.223:7001/data/dataset/pothole/n09398076_7215.JPEG
pothole 148 64 604 379

http://140.115.152.223:7001/data/dataset/pothole/n09398076_2354.JPEG
pothole 69 221 608 465
car 19 12 335 124

http://140.115.152.223:7001/data/dataset/pothole/n09398076_535.JPEG
pothole 33 196 449 464
motorcycle 396 82 302 4
motorcycle 288 92 128 8
person 327 8 388 42
person 228 101 339 172
car 562 82 403 4

http://140.115.152.223:7001/data/dataset/pothole/n09398076_9474.JPEG
pothole 99 212 513 430

http://140.115.152.223:7001/data/dataset/pothole/n09398076_20841.JPEG
pothole 159 264 412 408
car 208 253 5 83
car 293 151 171 93
car 420 80 505 139

http://140.115.152.223:7001/data/dataset/pothole/n09398076_2457.JPEG
person 71 127 125 242
person 107 110 147 216
car 134 99 308 208
car 489 92 564 192
car 412 111 492 188
pothole 12 194 529 363

http://140.115.152.223:7001/data/dataset/pothole/n09398076_4687.JPEG
pothole 50 332 422 478
pothole 348 258 501 365
car 156 170 229 223

http://140.115.152.223:7001/data/dataset/pothole/n09398076_6223.JPEG
bus 589 249 193 6
pothole 31 246 390 477

http://140.115.152.223:7001/data/dataset/pothole/n09398076_3312.JPEG
pothole 208 204 388 345
car 355 64 412 99
car 320 55 345 81
car 162 70 206 100
car 226 64 252 86
car 184 60 226 88
car 502 70 544 107
car 543 86 579 118
car 582 86 637 131

http://140.115.152.223:7001/data/dataset/pothole/n09398076_14113.JPEG
pothole 151 109 600 442

http://140.115.152.223:7001/data/dataset/pothole/n09398076_3299.JPEG
pothole 32 64 629 396
person 476 2 636 146
person 17 3 288 140
person 168 391 4 13

http://140.115.152.223:7001/data/dataset/pothole/n09398076_397.JPEG
person 97 122 344 458
person 369 24 519 268
person 486 129 636 341
person 368 248 184 1
pothole 50 186 635 472

http://140.115.152.223:7001/data/dataset/pothole/n09398076_7.JPEG
pothole 39 234 581 449

http://140.115.152.223:7001/data/dataset/pothole/n09398076_15709.JPEG
pothole 104 242 485 460

http://140.115.152.223:7001/data/dataset/pothole/n09398076_11318.JPEG
pothole 118 100 453 412

http://140.115.152.223:7001/data/dataset/pothole/n09398076_2201.JPEG
pothole 72 114 508 424

http://140.115.152.223:7001/data/dataset/pothole/n09398076_3563.JPEG
pothole 244 205 460 354

http://140.115.152.223:7001/data/dataset/pothole/n09398076_5497.JPEG
pothole 80 28 571 467

http://140.115.152.223:7001/data/dataset/pothole/n09398076_13729.JPEG
pothole 111 20 376 212

http://140.115.152.223:7001/data/dataset/pothole/n09398076_1153.JPEG
pothole 98 259 635 477
car 343 12 627 195
car 563 6 640 196
car 188 46 364 180
car 144 58 225 160
car 116 77 183 154
car 88 72 165 150
car 48 92 104 147
car 22 92 80 138

http://140.115.152.223:7001/data/dataset/pothole/n09398076_888.JPEG
car 47 4 626 390
pothole 16 181 577 435

http://140.115.152.223:7001/data/dataset/pothole/n09398076_4552.JPEG
pothole 8 185 632 422
person 236 42 324 208
person 329 29 408 167

http://140.115.152.223:7001/data/dataset/pothole/n09398076_2335.JPEG
pothole 89 162 452 416
person 165 26 197 92
person 202 25 242 86
person 96 27 149 101
person 55 22 97 92

http://140.115.152.223:7001/data/dataset/pothole/n09398076_4528.JPEG
pothole 26 115 600 414

http://140.115.152.223:7001/data/dataset/pothole/n09398076_6079.JPEG
pothole 135 171 396 264
pothole 147 251 302 383

http://140.115.152.223:7001/data/dataset/pothole/n09398076_4858.JPEG
pothole 133 58 493 440

http://140.115.152.223:7001/data/dataset/pothole/n09398076_499.JPEG
pothole 18 153 546 432

http://140.115.152.223:7001/data/dataset/pothole/n09398076_4048.JPEG
pothole 11 260 632 453
motorcycle 316 102 484 221
motorcycle 74 107 150 212
motorcycle 173 99 310 207
person 9 72 72 183
person 300 61 360 160
person 348 56 372 128
person 365 58 392 120
person 396 72 417 120

http://140.115.152.223:7001/data/dataset/pothole/n09398076_1050.JPEG
pothole 30 189 424 386
car 446 169 9 2

http://140.115.152.223:7001/data/dataset/pothole/n09398076_10001.JPEG
car 389 1 636 162

http://140.115.152.223:7001/data/dataset/pothole/n09398076_2394.JPEG
pothole 244 85 601 438

http://140.115.152.223:7001/data/dataset/pothole/n09398076_12604.JPEG
pothole 216 137 463 278
pothole 4 252 312 406
pothole 459 63 591 114
car 60 172 2 88
car 156 145 1 47
car 242 127 68 46
car 308 112 114 21
car 373 100 256 31
car 396 70 345 25
car 363 79 197 3
car 436 64 328 12
car 459 56 392 21
car 616 16 637 90
car 531 8 608 51
car 503 13 535 42
car 469 14 501 43

http://140.115.152.223:7001/data/dataset/pothole/n09398076_470.JPEG
pothole 37 74 568 418

http://140.115.152.223:7001/data/dataset/pothole/n09398076_6893.JPEG
pothole 97 63 595 414

http://140.115.152.223:7001/data/dataset/pothole/n09398076_4495.JPEG
pothole 413 268 540 328
person 316 212 360 314
person 344 203 376 320
person 378 219 403 303
car 472 172 637 324
car 342 354 6 134
tree 340 124 481 303
tree 480 132 571 261
tree 507 4 640 92
tree 103 3 248 220
tree 243 58 338 244
tree 88 215 6 3

http://140.115.152.223:7001/data/dataset/pothole/n09398076_10711.JPEG
pothole 131 22 517 371

http://140.115.152.223:7001/data/dataset/pothole/n09398076_8845.JPEG
pothole 69 82 556 425

http://140.115.152.223:7001/data/dataset/pothole/n09398076_154.JPEG
pothole 325 222 560 449

http://140.115.152.223:7001/data/dataset/pothole/n09398076_12270.JPEG
pothole 82 293 404 455
pothole 444 365 587 466
pothole 91 109 212 181
pothole 10 165 116 240

http://140.115.152.223:7001/data/dataset/pothole/n09398076_7258.JPEG
pothole 129 134 453 357
car 301 7 636 278
car 342 111 72 0

http://140.115.152.223:7001/data/dataset/pothole/n09398076_8062.JPEG
pothole 181 184 340 356
pothole 309 113 408 204

http://140.115.152.223:7001/data/dataset/pothole/n09398076_5704.JPEG
pothole 100 281 299 348
pothole 166 245 219 278
pothole 72 225 150 272
pothole 97 384 5 266
pothole 268 167 296 184
pothole 280 182 300 200

http://140.115.152.223:7001/data/dataset/pothole/n09398076_6877.JPEG
pothole 146 51 548 424

http://140.115.152.223:7001/data/dataset/pothole/n09398076_2918.JPEG
pothole 30 11 592 471
person 260 181 380 360

http://140.115.152.223:7001/data/dataset/pothole/n09398076_6267.JPEG
pothole 64 27 612 464

http://140.115.152.223:7001/data/dataset/pothole/n09398076_686.JPEG
pothole 16 315 469 454

http://140.115.152.223:7001/data/dataset/pothole/n09398076_11669.JPEG
pothole 159 160 457 248
pothole 49 254 429 396
tree 364 114 284 1
tree 436 101 382 1
tree 498 100 451 2
tree 568 107 488 4
tree 280 89 240 0
tree 236 88 197 6
tree 186 78 144 2
tree 128 82 93 3
tree 92 75 74 0
tree 66 76 46 0
tree 32 70 5 3

http://140.115.152.223:7001/data/dataset/pothole/n09398076_18832.JPEG
pothole 170 89 501 406
person 65 430 192 479

http://140.115.152.223:7001/data/dataset/pothole/n09398076_2162.JPEG
pothole 121 65 604 400

http://140.115.152.223:7001/data/dataset/pothole/n09398076_8606.JPEG
pothole 32 280 502 380
car 435 16 536 84
car 540 16 636 92
car 325 16 427 86
car 248 24 344 84
car 71 28 158 78
car 142 28 203 71
car 189 33 232 71
car 223 24 252 67
car 4 31 79 74

http://140.115.152.223:7001/data/dataset/pothole/n09398076_79.JPEG
pothole 38 179 336 409
pothole 384 177 557 321

http://140.115.152.223:7001/data/dataset/pothole/n09398076_5311.JPEG
pothole 125 68 596 352

http://140.115.152.223:7001/data/dataset/pothole/n09398076_6376.JPEG
pothole 85 56 584 344

http://140.115.152.223:7001/data/dataset/pothole/n09398076_1215.JPEG
pothole 142 100 546 399

http://140.115.152.223:7001/data/dataset/pothole/n09398076_9077.JPEG
pothole 131 126 498 376

http://140.115.152.223:7001/data/dataset/pothole/n09398076_7395.JPEG
pothole 181 138 522 365

http://140.115.152.223:7001/data/dataset/pothole/n09398076_9565.JPEG
pothole 180 264 405 438
car 609 309 8 5

http://140.115.152.223:7001/data/dataset/pothole/n09398076_7248.JPEG
pothole 24 205 516 459

http://140.115.152.223:7001/data/dataset/pothole/n09398076_2810.JPEG
pothole 62 91 568 363

http://140.115.152.223:7001/data/dataset/pothole/n09398076_16404.JPEG
pothole 154 301 381 437
car 624 87 242 1

http://140.115.152.223:7001/data/dataset/pothole/n09398076_2635.JPEG
pothole 110 347 389 473
car 539 82 633 185
car 586 108 638 204
tree 600 212 536 2
tree 468 168 411 8
tree 388 164 345 10
tree 340 151 304 8
tree 125 248 67 3
tree 48 289 -1 1
door 260 74 312 152

http://140.115.152.223:7001/data/dataset/pothole/n09398076_6347.JPEG
pothole 106 118 622 433

http://140.115.152.223:7001/data/dataset/pothole/n09398076_15667.JPEG
pothole 32 88 492 461

http://140.115.152.223:7001/data/dataset/pothole/n09398076_14712.JPEG
pothole 376 44 614 226

http://140.115.152.223:7001/data/dataset/pothole/n09398076_13373.JPEG
pothole 252 245 502 381

http://140.115.152.223:7001/data/dataset/pothole/n09398076_5568.JPEG
pothole 228 212 485 392

http://140.115.152.223:7001/data/dataset/pothole/n09398076_12605.JPEG
pothole 76 31 283 152
pothole 48 219 513 438

http://140.115.152.223:7001/data/dataset/pothole/n09398076_1433.JPEG
pothole 21 50 628 415

http://140.115.152.223:7001/data/dataset/pothole/n09398076_3317.JPEG
pothole 219 270 486 432
car 536 295 5 4
person 184 22 280 83

http://140.115.152.223:7001/data/dataset/pothole/n09398076_13710.JPEG
pothole 400 476 220 4

http://140.115.152.223:7001/data/dataset/pothole/n09398076_242.JPEG
pothole 253 344 460 456
pothole 291 214 430 297
pothole 364 176 464 220
pothole 384 142 454 176
pothole 336 149 370 168
pothole 302 166 388 198
pothole 288 148 330 173
pothole 268 108 314 136
pothole 235 128 275 153
pothole 199 152 264 180
pothole 221 172 282 196
pothole 213 187 292 225
pothole 174 173 228 200
pothole 23 331 129 406
pothole 327 124 384 144
pothole 323 107 356 126
pothole 372 106 415 131
pothole 371 94 401 108
pothole 300 82 352 108

http://140.115.152.223:7001/data/dataset/pothole/n09398076_5054.JPEG
pothole 56 289 381 425
person 357 135 380 164
person 325 134 357 165

http://140.115.152.223:7001/data/dataset/pothole/n09398076_9468.JPEG
car 593 241 16 1
pothole 342 285 581 421
pothole 240 254 360 328
pothole 169 220 245 257
pothole 89 242 159 287
pothole 142 273 235 329

http://140.115.152.223:7001/data/dataset/pothole/n09398076_10564.JPEG
pothole 10 54 600 414

http://140.115.152.223:7001/data/dataset/pothole/n09398076_6591.JPEG
pothole 247 336 438 444
car 541 212 286 34

http://140.115.152.223:7001/data/dataset/pothole/n09398076_4520.JPEG
car 143 236 444 463
door 388 188 444 256
pothole 100 332 574 464

http://140.115.152.223:7001/data/dataset/pothole/n09398076_4760.JPEG
pothole 28 179 463 429
pothole 468 156 638 279
pothole 151 473 2 373

http://140.115.152.223:7001/data/dataset/pothole/n09398076_4202.JPEG
pothole 196 142 255 176
pothole 111 336 5 263
pothole 353 357 496 433
pothole 242 436 361 480
pothole 260 310 332 365
pothole 359 297 484 345
pothole 437 288 232 249
pothole 316 222 416 248
pothole 443 157 504 188
tree 381 14 452 107
tree 545 11 621 110

http://140.115.152.223:7001/data/dataset/pothole/n09398076_3725.JPEG
pothole 144 319 439 460
pothole 161 114 464 243

http://140.115.152.223:7001/data/dataset/pothole/n09398076_5206.JPEG
pothole 179 250 486 387
car 635 322 51 0
car 191 462 2 1

http://140.115.152.223:7001/data/dataset/pothole/n09398076_3267.JPEG
person 480 108 562 259
pothole 20 208 604 471

http://140.115.152.223:7001/data/dataset/pothole/n09398076_17213.JPEG
pothole 253 197 360 268
person 104 55 148 120
door 148 55 184 109
car 157 78 280 121
car 279 79 421 133
car 417 80 560 132
car 580 69 639 126
car 97 125 4 76

http://140.115.152.223:7001/data/dataset/pothole/n09398076_3818.JPEG
pothole 145 30 548 437

http://140.115.152.223:7001/data/dataset/pothole/n09398076_11164.JPEG
pothole 140 71 491 236

http://140.115.152.223:7001/data/dataset/pothole/n09398076_15948.JPEG
pothole 219 136 405 332

http://140.115.152.223:7001/data/dataset/pothole/n09398076_14713.JPEG
pothole 457 95 625 233
pothole 136 303 558 463

http://140.115.152.223:7001/data/dataset/pothole/n09398076_7003.JPEG
pothole 228 15 598 472

http://140.115.152.223:7001/data/dataset/pothole/n09398076_7597.JPEG
pothole 254 133 448 304

http://140.115.152.223:7001/data/dataset/pothole/n09398076_166.JPEG
pothole 161 100 452 334

http://140.115.152.223:7001/data/dataset/pothole/n09398076_735.JPEG
pothole 22 48 537 438

http://140.115.152.223:7001/data/dataset/pothole/n09398076_9195.JPEG
pothole 26 212 547 457
person 368 160 430 240
tree 452 22 544 176
tree 558 6 628 168
tree 194 108 244 178
tree 128 101 192 187
tree 92 102 127 176
tree 25 92 96 184
tree 2 100 53 194

http://140.115.152.223:7001/data/dataset/pothole/n09398076_10.JPEG
pothole 184 10 405 431

http://140.115.152.223:7001/data/dataset/pothole/n09398076_2886.JPEG
pothole 193 94 445 300

http://140.115.152.223:7001/data/dataset/pothole/n09398076_15693.JPEG
pothole 204 198 386 345
car 564 114 637 236
car 497 191 401 88
car 4 254 473 10

http://140.115.152.223:7001/data/dataset/pothole/n09398076_13284.JPEG
pothole 139 343 303 460
car 149 189 198 226
door 311 161 347 214
tree 280 4 466 256
tree 396 173 443 228
tree 279 167 328 227
tree 435 106 586 239
tree 224 167 271 238
tree 165 289 21 168
tree 242 240 31 2

http://140.115.152.223:7001/data/dataset/pothole/n09398076_20174.JPEG
pothole 214 176 541 373

http://140.115.152.223:7001/data/dataset/pothole/n09398076_1596.JPEG
pothole 199 72 443 239

http://140.115.152.223:7001/data/dataset/pothole/n09398076_17847.JPEG
pothole 356 291 566 452
pothole 178 175 276 248
car 306 8 636 184
car 204 54 341 133
car 136 44 72 103
car 137 20 264 131
tree 248 4 363 96
tree 90 7 194 104
tree 14 8 124 99

http://140.115.152.223:7001/data/dataset/pothole/n09398076_19290.JPEG
pothole 80 235 404 413

http://140.115.152.223:7001/data/dataset/pothole/n09398076_14728.JPEG
pothole 364 379 440 440
person 212 40 431 383
tree 418 2 508 188
tree 493 5 555 178
tree 549 3 627 157
tree 70 5 336 186
car 472 104 639 241
car 384 118 520 216
car 197 121 272 191
car 159 124 227 187
car 98 120 184 174
car 68 120 125 162
car 47 127 94 162
car 32 142 3 124

http://140.115.152.223:7001/data/dataset/pothole/n09398076_2533.JPEG
pothole 36 154 286 344
pothole 393 196 608 374

http://140.115.152.223:7001/data/dataset/pothole/n09398076_1148.JPEG
pothole 92 257 540 425
car 156 76 414 220
car 3 137 140 202
person 380 155 568 350
person 78 230 14 116
car 576 84 624 131
tree 559 7 636 126

http://140.115.152.223:7001/data/dataset/pothole/n09398076_19634.JPEG
pothole 159 469 47 370
pothole 12 265 91 361
pothole 147 267 204 310
pothole 215 283 340 365
pothole 351 268 502 382
pothole 536 230 635 296
pothole 508 188 568 238
pothole 460 141 508 164
pothole 431 110 517 148
pothole 341 126 460 174
pothole 362 164 424 195
pothole 384 196 445 223
pothole 392 220 460 258
pothole 280 222 376 280
pothole 256 186 332 222
pothole 229 170 269 199
pothole 255 140 300 174
pothole 182 124 229 154
pothole 149 142 191 162
pothole 112 173 172 196
pothole 70 196 172 249
pothole 238 114 277 140
pothole 293 112 351 136
pothole 412 87 452 104
pothole 424 46 457 70
pothole 388 70 435 92
pothole 133 109 192 126
pothole 129 81 168 100
pothole 187 70 220 84
pothole 216 99 247 115
pothole 255 94 302 112
pothole 236 71 272 88
pothole 284 74 307 87
pothole 302 74 334 84
pothole 335 64 356 79
pothole 288 63 339 80

http://140.115.152.223:7001/data/dataset/pothole/n09398076_3683.JPEG
pothole 255 166 488 408

http://140.115.152.223:7001/data/dataset/pothole/n09398076_5145.JPEG
pothole 43 180 617 383

http://140.115.152.223:7001/data/dataset/pothole/n09398076_15428.JPEG
pothole 276 376 442 472
pothole 504 418 630 480
pothole 550 340 625 384
pothole 392 335 528 396
pothole 428 287 474 325
pothole 490 306 532 327
pothole 546 314 607 335
pothole 493 284 576 311
pothole 446 257 509 288
pothole 370 245 467 284
pothole 404 227 446 253
pothole 321 232 384 250
pothole 315 248 366 268
pothole 243 276 319 305
pothole 192 295 265 333
pothole 89 419 241 476
pothole 105 326 33 285
pothole 16 307 0 280
pothole 25 260 86 284
pothole 88 266 122 285
pothole 128 256 192 278
pothole 185 244 232 260
pothole 175 233 213 249
pothole 77 237 131 256
pothole 49 220 107 244
car 256 126 317 165
car 392 135 431 164
car 428 139 476 176
car 288 132 322 156

http://140.115.152.223:7001/data/dataset/pothole/n09398076_4191.JPEG
pothole 132 75 501 396

http://140.115.152.223:7001/data/dataset/pothole/n09398076_959.JPEG
pothole 159 88 563 322

http://140.115.152.223:7001/data/dataset/pothole/n09398076_11779.JPEG
pothole 136 273 384 407
pothole 236 131 384 220

http://140.115.152.223:7001/data/dataset/pothole/n09398076_4480.JPEG
pothole 23 43 500 408

http://140.115.152.223:7001/data/dataset/pothole/n09398076_8520.JPEG
pothole 52 119 632 368

http://140.115.152.223:7001/data/dataset/pothole/n09398076_4215.JPEG
pothole 89 70 547 389

http://140.115.152.223:7001/data/dataset/pothole/n09398076_2207.JPEG
pothole 122 280 529 471
car 584 452 72 9

http://140.115.152.223:7001/data/dataset/pothole/n09398076_1334.JPEG
pothole 264 304 495 414
tree 509 5 617 157
tree 436 115 339 0
car 610 420 9 24

http://140.115.152.223:7001/data/dataset/pothole/n09398076_14979.JPEG
pothole 151 88 445 393

http://140.115.152.223:7001/data/dataset/pothole/n09398076_19564.JPEG
pothole 208 186 580 479
motorcycle 21 65 190 332

http://140.115.152.223:7001/data/dataset/pothole/n09398076_3802.JPEG
pothole 24 99 588 399

http://140.115.152.223:7001/data/dataset/pothole/n09398076_11073.JPEG
pothole 7 218 581 476
person 269 198 405 307
person 288 1 395 64

http://140.115.152.223:7001/data/dataset/pothole/n09398076_11097.JPEG
pothole 366 100 632 248
pothole 227 276 338 358

http://140.115.152.223:7001/data/dataset/pothole/n09398076_12396.JPEG
pothole 96 186 301 338

http://140.115.152.223:7001/data/dataset/pothole/n09398076_4021.JPEG
pothole 208 349 480 472
person 372 64 481 309
bicycle 365 180 492 354

http://140.115.152.223:7001/data/dataset/pothole/n09398076_2011.JPEG
pothole 192 112 560 320
pothole 385 96 539 158
car 550 29 638 122
car 435 18 537 84
car 320 20 410 64
car 70 105 4 32
car 150 91 9 17
car 189 82 69 22
car 244 80 140 21
car 272 68 204 32
car 308 71 220 23
car 350 64 279 33
car 368 63 336 44

http://140.115.152.223:7001/data/dataset/pothole/n09398076_3342.JPEG
pothole 89 199 299 341
person 456 62 377 2

http://140.115.152.223:7001/data/dataset/pothole/n09398076_10050.JPEG
pothole 98 282 420 472
pothole 344 108 423 156
tree 617 3 635 93
tree 583 9 616 81
tree 562 6 600 75
tree 533 9 574 71
tree 524 12 551 62
tree 497 15 528 59
tree 488 13 510 56

http://140.115.152.223:7001/data/dataset/pothole/n09398076_13733.JPEG
pothole 176 346 276 419
pothole 76 272 184 381
pothole 218 127 292 166
pothole 208 77 247 112

http://140.115.152.223:7001/data/dataset/pothole/n09398076_15933.JPEG
pothole 202 349 483 457
pothole 488 307 589 357
pothole 114 264 228 313
pothole 151 198 260 254

http://140.115.152.223:7001/data/dataset/pothole/n09398076_13077.JPEG
person 24 88 165 311
car 180 472 8 215
car 61 242 3 100
door 420 35 543 167
tree 433 228 181 6

http://140.115.152.223:7001/data/dataset/pothole/n09398076_2308.JPEG
pothole 101 79 504 428

http://140.115.152.223:7001/data/dataset/pothole/n09398076_14573.JPEG
bicycle 280 453 15 121
pothole 544 224 632 318
car 263 18 314 62
car 206 27 259 60
car 408 9 494 56
car 547 18 628 63
car 390 28 405 53
car 372 31 395 44
car 354 30 380 48
car 345 29 363 46

http://140.115.152.223:7001/data/dataset/pothole/n09398076_217.JPEG
car 80 172 381 314
person 490 223 617 372
person 483 162 528 260
person 434 161 484 248
person 415 168 446 248
person 401 165 432 241
person 355 156 412 257
person 20 166 114 321
person 29 302 0 159
tree 256 25 346 222
tree 119 42 264 197
tree 6 55 92 190
tree 363 31 540 201
pothole 300 230 508 343
pothole 592 280 637 322

http://140.115.152.223:7001/data/dataset/pothole/n09398076_13974.JPEG
pothole 335 248 472 356
bicycle 88 12 461 417
person 157 6 415 336
person 488 3 528 80
person 529 1 553 62
person 554 6 576 68
car 312 4 401 61
car 42 4 208 69

http://140.115.152.223:7001/data/dataset/pothole/n09398076_1402.JPEG
pothole 48 88 612 428

http://140.115.152.223:7001/data/dataset/pothole/n09398076_143.JPEG
pothole 68 172 516 416
car 310 14 633 109
car 4 24 103 84
car 125 26 282 88

http://140.115.152.223:7001/data/dataset/pothole/n09398076_355.JPEG
pothole 98 192 411 368

http://140.115.152.223:7001/data/dataset/pothole/n09398076_15658.JPEG
pothole 20 171 228 319
pothole 250 100 344 203
pothole 365 124 544 184
pothole 389 182 542 254
pothole 108 316 303 434

http://140.115.152.223:7001/data/dataset/pothole/n09398076_19736.JPEG
pothole 36 392 138 475
pothole 433 309 523 389
pothole 380 227 448 280
pothole 326 147 431 216
pothole 290 152 333 187
pothole 328 414 437 472
pothole 287 336 376 390
pothole 339 12 380 45

http://140.115.152.223:7001/data/dataset/pothole/n09398076_19331.JPEG
pothole 190 220 272 279
pothole 361 215 433 264
pothole 352 160 404 204
pothole 400 99 499 161
pothole 142 131 257 186
pothole 306 85 380 139
pothole 306 37 424 88
pothole 195 44 278 92
pothole 605 80 638 113
pothole 608 50 632 72

http://140.115.152.223:7001/data/dataset/pothole/n09398076_6400.JPEG
pothole 20 85 631 354

http://140.115.152.223:7001/data/dataset/pothole/n09398076_1190.JPEG
pothole 165 125 445 293

http://140.115.152.223:7001/data/dataset/pothole/n09398076_10827.JPEG
pothole 79 56 574 444

http://140.115.152.223:7001/data/dataset/pothole/n09398076_2569.JPEG
pothole 101 203 519 376
car 444 4 636 214
car 277 73 487 194
car 116 62 268 196
person 284 49 325 175
person 413 72 444 112
person 236 40 304 198
person 232 220 135 3
person 152 207 87 1
person 51 4 116 203
person 105 245 16 0
person 64 292 1 4

http://140.115.152.223:7001/data/dataset/pothole/n09398076_19095.JPEG
pothole 240 103 408 227
pothole 78 237 255 358
pothole 428 235 543 319
pothole 169 126 272 206
pothole 284 240 400 360
pothole 393 414 564 479

http://140.115.152.223:7001/data/dataset/pothole/n09398076_5187.JPEG
pothole 185 200 553 454
pothole 428 107 510 152
pothole 482 79 527 111
pothole 528 50 557 86
car 306 4 442 53
car 414 3 466 48
car 454 7 500 38
car 579 10 628 44
car 608 8 640 52
car 248 68 3 5

http://140.115.152.223:7001/data/dataset/pothole/n09398076_5496.JPEG
pothole 108 72 568 434

http://140.115.152.223:7001/data/dataset/pothole/n09398076_15727.JPEG
pothole 116 68 585 397

http://140.115.152.223:7001/data/dataset/pothole/n09398076_3344.JPEG
pothole 76 357 287 476
pothole 136 168 619 296
pothole 20 122 626 202
pothole 218 23 555 128

http://140.115.152.223:7001/data/dataset/pothole/n09398076_6422.JPEG
pothole 136 120 468 409

http://140.115.152.223:7001/data/dataset/pothole/n09398076_17863.JPEG
pothole 68 212 624 461
person 115 39 403 375
pothole 294 12 634 160

http://140.115.152.223:7001/data/dataset/pothole/n09398076_1953.JPEG
pothole 96 240 493 382
car 210 67 331 169
car 399 64 513 165
car 480 96 532 145
car 538 95 592 141
car 117 86 216 144
car 121 217 5 4

http://140.115.152.223:7001/data/dataset/pothole/n09398076_8253.JPEG
pothole 60 102 598 386

http://140.115.152.223:7001/data/dataset/pothole/n09398076_6772.JPEG
person 386 59 431 120
person 318 62 378 126
person 244 75 284 121
pothole 512 312 628 447

http://140.115.152.223:7001/data/dataset/pothole/n09398076_12094.JPEG
pothole 200 152 542 428
person 273 175 422 331
person 237 2 326 65
person 72 74 24 0
car 410 4 636 91

http://140.115.152.223:7001/data/dataset/pothole/n09398076_2815.JPEG
car 379 17 612 208
pothole 88 331 561 462

http://140.115.152.223:7001/data/dataset/pothole/n09398076_12556.JPEG
tree 84 130 200 270
tree 514 104 596 260
tree 225 186 308 250
tree 428 176 498 250

http://140.115.152.223:7001/data/dataset/pothole/n09398076_2018.JPEG
car 484 168 46 23
pothole 14 186 635 475

http://140.115.152.223:7001/data/dataset/pothole/n09398076_19920.JPEG
pothole 177 285 448 424
person 224 175 268 270
person 168 187 214 257
car 439 225 547 281
car 331 220 396 265

http://140.115.152.223:7001/data/dataset/pothole/n09398076_5258.JPEG
car 155 192 327 285
person 424 79 563 480
person 260 21 289 80
person 164 15 198 60
person 100 4 136 54
person 74 5 106 50
person 46 3 79 53
pothole 440 429 20 137
pothole 344 78 581 240
car 318 26 430 116
car 493 22 578 122
car 74 6 162 63
car 54 41 3 4

http://140.115.152.223:7001/data/dataset/pothole/n09398076_6895.JPEG
pothole 40 199 616 451
tree 209 172 26 4

http://140.115.152.223:7001/data/dataset/pothole/n09398076_9628.JPEG
pothole 236 213 482 328
car 323 50 200 1
car 436 33 340 1

http://140.115.152.223:7001/data/dataset/pothole/n09398076_4621.JPEG
pothole 135 99 405 259

http://140.115.152.223:7001/data/dataset/pothole/n09398076_8762.JPEG
pothole 331 352 498 454
tree 261 130 338 192

http://140.115.152.223:7001/data/dataset/pothole/n09398076_632.JPEG
pothole 580 464 58 20

http://140.115.152.223:7001/data/dataset/pothole/n09398076_2475.JPEG
pothole 204 226 430 364

http://140.115.152.223:7001/data/dataset/pothole/n09398076_11331.JPEG
pothole 54 178 504 404

http://140.115.152.223:7001/data/dataset/pothole/n09398076_7736.JPEG
pothole 56 218 184 291
pothole 188 268 300 338
pothole 264 85 391 172
pothole 384 36 513 138
pothole 548 112 629 184
pothole 227 10 377 59

http://140.115.152.223:7001/data/dataset/pothole/n09398076_732.JPEG
pothole 244 228 475 389

http://140.115.152.223:7001/data/dataset/pothole/n09398076_3239.JPEG
pothole 154 334 593 476
car 386 6 636 216

http://140.115.152.223:7001/data/dataset/pothole/n09398076_4583.JPEG
car 16 2 604 219
pothole 364 311 578 414
pothole 230 253 383 334
pothole 176 224 224 254
pothole 102 244 172 283
pothole 140 268 220 313

http://140.115.152.223:7001/data/dataset/pothole/n09398076_1158.JPEG
pothole 66 98 588 336

http://140.115.152.223:7001/data/dataset/pothole/n09398076_4876.JPEG
pothole 222 376 338 437
pothole 336 423 553 476
pothole 172 251 456 365
pothole 261 167 438 228
pothole 257 128 380 176
pothole 308 111 414 133
pothole 339 76 404 103

http://140.115.152.223:7001/data/dataset/pothole/n09398076_7377.JPEG
pothole 53 44 570 463

http://140.115.152.223:7001/data/dataset/pothole/n09398076_2293.JPEG
pothole 114 142 499 379

http://140.115.152.223:7001/data/dataset/pothole/n09398076_8422.JPEG
pothole 323 179 434 262
car 564 71 628 125

http://140.115.152.223:7001/data/dataset/pothole/n09398076_11642.JPEG
pothole 181 307 503 478
pothole 10 368 180 478

http://140.115.152.223:7001/data/dataset/pothole/n09398076_12191.JPEG
pothole 510 459 135 8

http://140.115.152.223:7001/data/dataset/pothole/n09398076_13518.JPEG
pothole 128 356 305 442
person 312 51 515 448
car 558 33 640 98
tree 421 4 618 185
tree 48 1 308 167

http://140.115.152.223:7001/data/dataset/pothole/n09398076_4004.JPEG
pothole 130 195 340 360
pothole 296 88 431 141

http://140.115.152.223:7001/data/dataset/pothole/n09398076_19677.JPEG
pothole 231 276 437 441
car 278 99 346 147

http://140.115.152.223:7001/data/dataset/pothole/n09398076_18885.JPEG
pothole 34 209 112 224
pothole 41 225 95 256
pothole 125 207 184 240
pothole 197 136 242 180
pothole 117 246 632 474
pothole 260 138 402 244
tree 208 4 324 98
tree 392 1 457 59
tree 503 9 540 51
tree 572 8 618 63

http://140.115.152.223:7001/data/dataset/pothole/n09398076_1709.JPEG
pothole 19 152 528 345
pothole 569 122 635 183

http://140.115.152.223:7001/data/dataset/pothole/n09398076_2046.JPEG
pothole 168 155 396 330
pothole 362 319 473 413

http://140.115.152.223:7001/data/dataset/pothole/n09398076_11064.JPEG
pothole 132 204 450 477

http://140.115.152.223:7001/data/dataset/pothole/n09398076_5621.JPEG
pothole 69 142 602 466
car 31 3 637 327

http://140.115.152.223:7001/data/dataset/pothole/n09398076_2831.JPEG
car 239 139 603 267
pothole 8 268 635 440
tree 232 71 392 246
tree 452 114 609 259
tree 9 15 176 253

http://140.115.152.223:7001/data/dataset/pothole/n09398076_3460.JPEG
pothole 107 127 629 465

http://140.115.152.223:7001/data/dataset/pothole/n09398076_5423.JPEG
pothole 90 146 472 382
pothole 203 381 435 480
person 383 3 639 478

http://140.115.152.223:7001/data/dataset/pothole/n09398076_8836.JPEG
pothole 153 75 533 364

http://140.115.152.223:7001/data/dataset/pothole/n09398076_1039.JPEG
pothole 306 212 636 419
car 480 1 636 86
car 208 0 293 21

http://140.115.152.223:7001/data/dataset/pothole/n09398076_3586.JPEG
car 228 472 3 4
pothole 191 279 330 446

http://140.115.152.223:7001/data/dataset/pothole/n09398076_8398.JPEG
pothole 584 410 636 469
pothole 4 353 132 444
pothole 24 229 137 302
pothole 10 155 116 204
pothole 204 158 285 210

http://140.115.152.223:7001/data/dataset/pothole/n09398076_2001.JPEG
pothole 340 224 424 278
pothole 234 219 313 262
pothole 292 180 412 237
car 164 54 260 96
car 497 56 531 80
tree 329 3 390 88
tree 370 12 424 71

http://140.115.152.223:7001/data/dataset/pothole/n09398076_9740.JPEG
pothole 112 160 536 444

http://140.115.152.223:7001/data/dataset/pothole/n09398076_2355.JPEG
person 110 12 245 177
car 535 196 580 220
car 418 345 4 2
pothole 236 316 623 469

http://140.115.152.223:7001/data/dataset/pothole/n09398076_4743.JPEG
pothole 46 92 585 382

http://140.115.152.223:7001/data/dataset/pothole/n09398076_5973.JPEG
pothole 468 403 202 260
pothole 228 146 312 204

http://140.115.152.223:7001/data/dataset/pothole/n09398076_1969.JPEG
pothole 16 76 628 408

http://140.115.152.223:7001/data/dataset/pothole/n09398076_1665.JPEG
car 626 314 -1 2
pothole 9 158 637 478

http://140.115.152.223:7001/data/dataset/pothole/n09398076_2781.JPEG
pothole 259 300 337 334
pothole 185 320 239 344
pothole 168 298 222 329
pothole 200 328 636 479

http://140.115.152.223:7001/data/dataset/pothole/n09398076_21409.JPEG
pothole 132 163 488 416

http://140.115.152.223:7001/data/dataset/pothole/n09398076_16252.JPEG
pothole 91 68 579 432

http://140.115.152.223:7001/data/dataset/pothole/n09398076_19723.JPEG
pothole 63 80 526 468

http://140.115.152.223:7001/data/dataset/pothole/n09398076_17708.JPEG
pothole 122 56 530 420

http://140.115.152.223:7001/data/dataset/pothole/n09398076_4781.JPEG
pothole 25 161 432 445

http://140.115.152.223:7001/data/dataset/pothole/n09398076_8378.JPEG
pothole 146 35 548 439

http://140.115.152.223:7001/data/dataset/pothole/n09398076_3880.JPEG
pothole 191 114 496 394

http://140.115.152.223:7001/data/dataset/pothole/n09398076_6822.JPEG
pothole 177 278 368 428

http://140.115.152.223:7001/data/dataset/pothole/n09398076_8166.JPEG
pothole 46 210 611 462
car 281 5 636 135
car 183 24 306 86
car 104 35 192 78

http://140.115.152.223:7001/data/dataset/pothole/n09398076_12650.JPEG
car 225 196 313 284
car 308 212 395 263
car 200 155 320 264
car 184 194 224 239
car 154 196 188 222
pothole 224 305 308 348
pothole 246 374 416 475

http://140.115.152.223:7001/data/dataset/pothole/n09398076_4433.JPEG
pothole 227 315 477 418
person 493 133 592 351
person 10 128 61 312
person 36 159 118 310
person 372 116 440 313
person 426 127 472 289
person 463 132 496 309
person 548 121 611 326
person 604 118 636 304

http://140.115.152.223:7001/data/dataset/pothole/n09398076_16492.JPEG
pothole 67 104 556 389

http://140.115.152.223:7001/data/dataset/pothole/n09398076_983.JPEG
pothole 228 177 395 280

http://140.115.152.223:7001/data/dataset/pothole/n09398076_694.JPEG
pothole 250 196 450 336
person 245 2 428 245

http://140.115.152.223:7001/data/dataset/pothole/n09398076_2777.JPEG
pothole 64 180 220 307
pothole 243 116 476 244
pothole 438 94 538 163

http://140.115.152.223:7001/data/dataset/pothole/n09398076_11512.JPEG
pothole 189 59 551 360

http://140.115.152.223:7001/data/dataset/pothole/n09398076_649.JPEG
pothole 256 276 405 372
tree 226 56 314 152
tree 36 169 2 46
tree 72 104 191 165

http://140.115.152.223:7001/data/dataset/pothole/n09398076_12927.JPEG
pothole 65 68 573 408

http://140.115.152.223:7001/data/dataset/pothole/n09398076_14854.JPEG
pothole 112 59 568 442

http://140.115.152.223:7001/data/dataset/pothole/n09398076_15928.JPEG
pothole 417 265 480 316
pothole 160 275 288 344
pothole 204 338 336 412
pothole 343 332 414 381
pothole 178 202 262 247
pothole 223 167 269 198
pothole 279 204 341 236
pothole 324 153 383 184
pothole 328 180 406 208
person 118 5 185 141
person 281 164 224 0
person 340 144 281 1
person 635 151 593 3
car 593 164 324 1

http://140.115.152.223:7001/data/dataset/pothole/n09398076_10640.JPEG
pothole 15 136 634 436
door 100 5 184 116

http://140.115.152.223:7001/data/dataset/pothole/n09398076_15357.JPEG
pothole 126 210 556 288

http://140.115.152.223:7001/data/dataset/pothole/n09398076_5231.JPEG
pothole 4 169 639 295

http://140.115.152.223:7001/data/dataset/pothole/n09398076_15750.JPEG
pothole 164 177 404 344
car 362 20 456 92
car 500 28 564 68

http://140.115.152.223:7001/data/dataset/pothole/n09398076_6874.JPEG
pothole 65 202 166 283
pothole 290 167 420 266
pothole 383 122 467 207
pothole 143 320 265 387
pothole 13 268 68 466
pothole 68 442 151 481
pothole 184 188 288 310
pothole 288 284 487 401

http://140.115.152.223:7001/data/dataset/pothole/n09398076_2488.JPEG
pothole 56 177 450 397

http://140.115.152.223:7001/data/dataset/pothole/n09398076_8551.JPEG
door 319 37 460 154
car 475 95 640 198
pothole 344 204 543 288
pothole 97 205 264 288

http://140.115.152.223:7001/data/dataset/pothole/n09398076_7604.JPEG
pothole 24 119 625 464

http://140.115.152.223:7001/data/dataset/pothole/n09398076_3135.JPEG
pothole 75 121 602 393

http://140.115.152.223:7001/data/dataset/pothole/n09398076_3348.JPEG
pothole 427 416 578 478
pothole 518 353 628 413
pothole 26 287 212 369
pothole 238 249 324 293
pothole 26 389 335 479
pothole 248 323 380 416
car 344 25 636 354

http://140.115.152.223:7001/data/dataset/pothole/n09398076_3001.JPEG
pothole 245 127 555 463

http://140.115.152.223:7001/data/dataset/pothole/n09398076_2868.JPEG
pothole 283 173 409 237
pothole 387 225 478 289
pothole 299 294 499 477
tree 261 45 311 114
tree 223 65 269 105
tree 61 156 4 6
tree 297 9 363 108
tree 372 33 432 101
tree 439 42 494 106
tree 488 11 595 138
tree 522 6 633 120

http://140.115.152.223:7001/data/dataset/pothole/n09398076_7063.JPEG
pothole 116 72 611 411

http://140.115.152.223:7001/data/dataset/pothole/n09398076_8332.JPEG
pothole 12 240 205 406
pothole 195 172 383 303
pothole 293 54 412 100
pothole 181 6 296 44

http://140.115.152.223:7001/data/dataset/pothole/n09398076_1302.JPEG
pothole 18 8 510 236

http://140.115.152.223:7001/data/dataset/pothole/n09398076_10596.JPEG
pothole 632 473 4 1

http://140.115.152.223:7001/data/dataset/pothole/n09398076_5130.JPEG
pothole 125 272 616 447
person 448 148 610 340
person 12 116 60 214
car 174 81 446 212
car 21 120 148 200

http://140.115.152.223:7001/data/dataset/pothole/n09398076_3379.JPEG
pothole 4 166 633 460

http://140.115.152.223:7001/data/dataset/pothole/n09398076_19178.JPEG
pothole 561 119 623 152
pothole 181 175 436 292

http://140.115.152.223:7001/data/dataset/pothole/n09398076_3790.JPEG
pothole 48 106 594 479

http://140.115.152.223:7001/data/dataset/pothole/n09398076_1216.JPEG
pothole 14 114 302 293

http://140.115.152.223:7001/data/dataset/pothole/n09398076_14499.JPEG
pothole 65 178 242 301
pothole 338 180 450 244
pothole 440 246 519 296

http://140.115.152.223:7001/data/dataset/pothole/n09398076_19546.JPEG
pothole 181 362 536 452

http://140.115.152.223:7001/data/dataset/pothole/n09398076_13954.JPEG
pothole 180 172 380 310

http://140.115.152.223:7001/data/dataset/pothole/n09398076_6831.JPEG
pothole 254 195 351 260
pothole 131 278 308 388

http://140.115.152.223:7001/data/dataset/pothole/n09398076_4632.JPEG
pothole 117 131 388 327
car 464 67 620 187

http://140.115.152.223:7001/data/dataset/pothole/n09398076_6156.JPEG
person 277 405 590 480
pothole 174 70 521 412

http://140.115.152.223:7001/data/dataset/pothole/n09398076_343.JPEG
pothole 164 276 388 472
pothole 329 121 430 199
pothole 106 167 209 242
pothole 74 265 228 407
pothole 237 115 334 180

http://140.115.152.223:7001/data/dataset/pothole/n09398076_20567.JPEG
pothole 93 224 613 474

http://140.115.152.223:7001/data/dataset/pothole/n09398076_1364.JPEG
pothole 141 242 513 436
car 420 28 266 0

http://140.115.152.223:7001/data/dataset/pothole/n09398076_5681.JPEG
car 204 2 636 340
pothole 100 291 461 455

http://140.115.152.223:7001/data/dataset/pothole/n09398076_12967.JPEG
pothole 220 327 372 396
pothole 361 263 621 382
pothole 158 264 314 319
pothole 151 270 28 229
pothole 175 112 348 188
pothole 343 107 420 128
pothole 355 114 244 82
pothole 200 58 280 90
pothole 275 52 326 72
pothole 270 56 208 47
pothole 212 28 267 44
pothole 267 23 312 44

http://140.115.152.223:7001/data/dataset/pothole/n09398076_2368.JPEG
pothole 28 102 604 317

http://140.115.152.223:7001/data/dataset/pothole/n09398076_16028.JPEG
pothole 211 73 9 466

http://140.115.152.223:7001/data/dataset/pothole/n09398076_778.JPEG
pothole 311 179 633 344
pothole 404 27 591 140
person 97 62 383 388

http://140.115.152.223:7001/data/dataset/pothole/n09398076_3778.JPEG
car 351 465 1 2
pothole 322 228 621 429

http://140.115.152.223:7001/data/dataset/pothole/n09398076_6204.JPEG
pothole 106 211 606 441
pothole 150 126 357 198
pothole 255 92 370 137

http://140.115.152.223:7001/data/dataset/pothole/n09398076_10249.JPEG
pothole 28 148 571 337

http://140.115.152.223:7001/data/dataset/pothole/n09398076_3573.JPEG
pothole 2 58 639 475

http://140.115.152.223:7001/data/dataset/pothole/n09398076_137.JPEG
pothole 327 201 640 473
pothole 12 120 316 248

http://140.115.152.223:7001/data/dataset/pothole/n09398076_3098.JPEG
pothole 51 355 248 464
pothole 401 388 596 474
person 301 16 556 412
car 341 66 268 7

http://140.115.152.223:7001/data/dataset/pothole/n09398076_13379.JPEG
pothole 10 181 590 348

http://140.115.152.223:7001/data/dataset/pothole/n09398076_5237.JPEG
pothole 280 334 570 464
person 392 63 469 208
car 558 83 640 336
car 429 19 620 196
car 88 32 196 144
car 172 64 234 144
car 151 236 2 36

http://140.115.152.223:7001/data/dataset/pothole/n09398076_8557.JPEG
person 340 6 632 220
pothole 93 212 632 470

http://140.115.152.223:7001/data/dataset/pothole/n09398076_19871.JPEG
pothole 138 46 504 454

http://140.115.152.223:7001/data/dataset/pothole/n09398076_16099.JPEG
pothole 136 158 448 390

http://140.115.152.223:7001/data/dataset/pothole/n09398076_20035.JPEG
pothole 32 211 636 421
person 269 18 326 107

http://140.115.152.223:7001/data/dataset/pothole/n09398076_1642.JPEG
car 385 93 462 140
tree 162 10 380 155
tree 19 38 137 196
tree 364 12 504 137
pothole 361 223 628 389
pothole 13 346 223 427
pothole 235 305 348 376
pothole 15 272 153 330

http://140.115.152.223:7001/data/dataset/pothole/n09398076_1838.JPEG
pothole 172 140 400 261

http://140.115.152.223:7001/data/dataset/pothole/n09398076_21390.JPEG
pothole 229 170 397 265
car 316 15 636 156
car 176 184 2 10

http://140.115.152.223:7001/data/dataset/pothole/n09398076_11695.JPEG
person 85 134 218 479
pothole 234 63 587 394

http://140.115.152.223:7001/data/dataset/pothole/n09398076_992.JPEG
pothole 54 88 620 432

http://140.115.152.223:7001/data/dataset/pothole/n09398076_3534.JPEG
pothole 244 173 488 283
car 16 0 488 84

http://140.115.152.223:7001/data/dataset/pothole/n09398076_2395.JPEG
pothole 127 101 476 374

http://140.115.152.223:7001/data/dataset/pothole/n09398076_19901.JPEG
pothole 202 107 569 372

http://140.115.152.223:7001/data/dataset/pothole/n09398076_9289.JPEG
pothole 423 120 590 351
pothole 324 78 407 160
pothole 323 5 366 36
pothole 185 120 240 164

http://140.115.152.223:7001/data/dataset/pothole/n09398076_8839.JPEG
pothole 306 378 580 476
car 425 35 579 178
car 237 6 459 156
car 174 71 241 133
car 139 93 173 121
car 63 275 1 64
car 68 196 4 32
car 87 165 21 46

http://140.115.152.223:7001/data/dataset/pothole/n09398076_921.JPEG
car 160 101 539 381
car 543 115 637 284
car 424 68 638 200
car 348 58 444 106
car 155 76 294 152
car 104 68 201 137
car 8 49 74 115
person 594 62 638 115
person 572 92 634 136
car 220 55 302 99
tree 524 86 272 3
person 416 55 434 79
person 400 60 414 77
person 384 60 397 71
person 302 60 317 91
person 192 50 212 78
person 139 50 153 77
person 164 52 175 77
person 175 52 184 78
person 182 52 192 78
pothole 26 228 619 472
tree 147 84 112 2
tree 111 82 88 1
tree 80 68 52 6
tree 52 68 28 5

http://140.115.152.223:7001/data/dataset/pothole/n09398076_10084.JPEG
pothole 264 208 356 268

http://140.115.152.223:7001/data/dataset/pothole/n09398076_3205.JPEG
pothole 63 100 584 401

http://140.115.152.223:7001/data/dataset/pothole/n09398076_6073.JPEG
pothole 213 182 345 259

http://140.115.152.223:7001/data/dataset/pothole/n09398076_18782.JPEG
pothole 176 125 354 380

http://140.115.152.223:7001/data/dataset/pothole/n09398076_2946.JPEG
person 423 103 546 451
car 168 197 322 292
car 325 63 380 127
car 493 67 580 142
car 1 25 54 86
car 71 38 156 100
pothole 447 412 7 157
pothole 379 113 610 228
tree 240 142 144 4

http://140.115.152.223:7001/data/dataset/pothole/n09398076_6091.JPEG
pothole 82 104 535 372

http://140.115.152.223:7001/data/dataset/pothole/n09398076_127.JPEG
pothole 7 136 636 478
car 112 154 353 467
person 214 8 280 138
person 480 18 528 127
person 538 9 575 138
person 584 20 628 134
person 164 7 214 129
person 125 15 177 110
person 111 8 135 72
person 71 3 132 118
person 18 8 100 124
person 24 129 1 3
car 250 3 488 128

http://140.115.152.223:7001/data/dataset/pothole/n09398076_16090.JPEG
pothole 96 100 595 435

http://140.115.152.223:7001/data/dataset/pothole/n09398076_1928.JPEG
pothole 68 1 469 470

http://140.115.152.223:7001/data/dataset/pothole/n09398076_3022.JPEG
pothole 176 204 604 343
car 63 128 404 320
car 348 88 510 205
car 501 63 637 197
car 215 83 356 191
car 57 78 209 207
car 60 199 1 88
car 292 71 356 134

http://140.115.152.223:7001/data/dataset/pothole/n09398076_13300.JPEG
pothole 9 38 640 474

http://140.115.152.223:7001/data/dataset/pothole/n09398076_2203.JPEG
pothole 240 144 535 356
bicycle 336 321 4 19
person 186 233 0 2

http://140.115.152.223:7001/data/dataset/pothole/n09398076_6729.JPEG
pothole 190 275 348 388
car 44 300 637 476
car 320 112 380 170
car 310 87 348 143
car 124 112 172 155
car 51 90 137 158
car 403 97 447 157
car 428 8 637 220

http://140.115.152.223:7001/data/dataset/pothole/n09398076_11539.JPEG
pothole 62 157 444 284
pothole 434 221 597 303

http://140.115.152.223:7001/data/dataset/pothole/n09398076_1481.JPEG
pothole 10 76 631 422

http://140.115.152.223:7001/data/dataset/pothole/n09398076_1736.JPEG
pothole 111 129 570 398

http://140.115.152.223:7001/data/dataset/pothole/n09398076_70.JPEG
pothole 184 120 387 232

http://140.115.152.223:7001/data/dataset/pothole/n09398076_9625.JPEG
pothole 216 262 420 362
car 181 216 4 58

http://140.115.152.223:7001/data/dataset/pothole/n09398076_5858.JPEG
pothole 371 56 524 147
pothole 338 155 516 267
pothole 204 156 374 253
pothole 0 129 200 269
pothole 105 222 227 307
pothole 220 258 314 316
pothole 532 166 583 218
pothole 562 18 629 94
car 414 32 156 1

http://140.115.152.223:7001/data/dataset/pothole/n09398076_16300.JPEG
pothole 32 75 411 440

http://140.115.152.223:7001/data/dataset/pothole/n09398076_1285.JPEG
pothole 58 160 587 287

http://140.115.152.223:7001/data/dataset/pothole/n09398076_1105.JPEG
pothole 154 275 477 461
car 345 26 440 83
car 245 60 156 23
car 351 314 5 3
tree 579 5 626 65
tree 261 1 354 60

http://140.115.152.223:7001/data/dataset/pothole/n09398076_3303.JPEG
pothole 233 174 523 359

http://140.115.152.223:7001/data/dataset/pothole/n09398076_19323.JPEG
pothole 322 168 396 220
pothole 207 126 259 157
pothole 376 88 416 116

http://140.115.152.223:7001/data/dataset/pothole/n09398076_7002.JPEG
pothole 117 7 492 438

http://140.115.152.223:7001/data/dataset/pothole/n09398076_1515.JPEG
pothole 16 280 536 480

http://140.115.152.223:7001/data/dataset/pothole/n09398076_10962.JPEG
pothole 224 229 387 295

http://140.115.152.223:7001/data/dataset/pothole/n09398076_3937.JPEG
pothole 15 211 529 360
pothole 434 270 634 479

http://140.115.152.223:7001/data/dataset/pothole/n09398076_14686.JPEG
person 189 270 3 4
pothole 385 0 477 48
pothole 136 7 260 40
pothole 274 3 335 26
pothole 185 8 386 94
pothole 381 70 612 197
pothole 355 152 621 443
pothole 241 218 360 442

http://140.115.152.223:7001/data/dataset/pothole/n09398076_12656.JPEG
pothole 239 68 517 372

http://140.115.152.223:7001/data/dataset/pothole/n09398076_1358.JPEG
pothole 183 167 593 348

http://140.115.152.223:7001/data/dataset/pothole/n09398076_6032.JPEG
pothole 79 58 599 475

http://140.115.152.223:7001/data/dataset/pothole/n09398076_7479.JPEG
pothole 228 138 360 211

http://140.115.152.223:7001/data/dataset/pothole/n09398076_6599.JPEG
pothole 115 24 333 122
pothole 401 103 633 204
pothole 39 204 550 374

http://140.115.152.223:7001/data/dataset/pothole/n09398076_9327.JPEG
pothole 137 158 528 412

http://140.115.152.223:7001/data/dataset/pothole/n09398076_17109.JPEG
pothole 256 68 368 217
pothole 407 235 468 287
pothole 448 153 602 286
pothole 199 212 272 295
pothole 269 262 347 348
pothole 370 2 624 158
pothole 88 292 576 476

http://140.115.152.223:7001/data/dataset/pothole/n09398076_996.JPEG
pothole 36 212 528 421
pothole 585 64 638 128

http://140.115.152.223:7001/data/dataset/pothole/n09398076_3133.JPEG
pothole 70 82 583 426
pothole 504 307 637 471

http://140.115.152.223:7001/data/dataset/pothole/n09398076_14243.JPEG
pothole 6 105 637 479

http://140.115.152.223:7001/data/dataset/pothole/n09398076_7263.JPEG
pothole 201 117 497 405

http://140.115.152.223:7001/data/dataset/pothole/n09398076_20031.JPEG
pothole 146 231 305 374
car 483 140 572 199
car 414 124 455 160
car 300 131 357 162
tree 585 39 628 190
tree 530 37 593 169

http://140.115.152.223:7001/data/dataset/pothole/n09398076_1861.JPEG
pothole 100 140 600 456

http://140.115.152.223:7001/data/dataset/pothole/n09398076_3463.JPEG
pothole 94 54 478 409

http://140.115.152.223:7001/data/dataset/pothole/n09398076_4033.JPEG
pothole 184 136 458 330

http://140.115.152.223:7001/data/dataset/pothole/n09398076_4005.JPEG
pothole 40 20 633 417

http://140.115.152.223:7001/data/dataset/pothole/n09398076_7062.JPEG
pothole 206 174 440 395

http://140.115.152.223:7001/data/dataset/pothole/n09398076_6262.JPEG
pothole 256 242 430 376

http://140.115.152.223:7001/data/dataset/pothole/n09398076_1321.JPEG
pothole 255 238 422 352
car 351 20 597 144
car 144 10 330 144
car 182 148 3 9

http://140.115.152.223:7001/data/dataset/pothole/n09398076_3491.JPEG
pothole 111 162 477 347

http://140.115.152.223:7001/data/dataset/pothole/n09398076_3440.JPEG
pothole 199 168 391 312
person 450 187 262 0
person 110 3 279 203

http://140.115.152.223:7001/data/dataset/pothole/n09398076_8892.JPEG
pothole 130 34 453 451

http://140.115.152.223:7001/data/dataset/pothole/n09398076_9782.JPEG
pothole 80 197 368 328
pothole 412 217 579 302

http://140.115.152.223:7001/data/dataset/pothole/n09398076_4345.JPEG
pothole 248 12 362 42
pothole 268 42 391 103
pothole 215 80 401 184
pothole 200 175 618 478

http://140.115.152.223:7001/data/dataset/pothole/n09398076_846.JPEG
pothole 95 165 541 359

http://140.115.152.223:7001/data/dataset/pothole/n09398076_19909.JPEG
pothole 160 264 422 447

http://140.115.152.223:7001/data/dataset/pothole/n09398076_6338.JPEG
pothole 194 315 491 468

http://140.115.152.223:7001/data/dataset/pothole/n09398076_17436.JPEG
pothole 116 105 522 376

http://140.115.152.223:7001/data/dataset/pothole/n09398076_6011.JPEG
pothole 84 99 300 224
pothole 3 244 208 368
pothole 131 327 632 475
pothole 348 197 555 314

http://140.115.152.223:7001/data/dataset/pothole/n09398076_602.JPEG
pothole 136 200 339 342

http://140.115.152.223:7001/data/dataset/pothole/n09398076_6844.JPEG
person 243 115 387 248
motorcycle 249 166 400 287
tree 292 32 487 160
tree 230 37 287 189
tree 140 58 252 169
tree 109 54 185 166
tree 90 60 141 161
tree 65 66 103 166
tree 21 76 58 158
pothole 432 233 607 317
pothole 360 328 438 358
pothole 245 358 413 402
pothole 351 395 496 443
pothole 522 379 632 429
pothole 459 452 594 477
pothole 99 352 4 291

http://140.115.152.223:7001/data/dataset/pothole/n09398076_2045.JPEG
pothole 141 72 530 408

http://140.115.152.223:7001/data/dataset/pothole/n09398076_4350.JPEG
person 126 150 258 391
person 229 146 269 261
person 288 155 324 248
person 412 155 447 259
person 480 152 509 234
person 568 155 590 229
person 580 164 605 227
person 366 162 392 220
car 304 152 387 216
car 305 254 188 170
tree 251 11 359 194
tree 358 62 424 198

http://140.115.152.223:7001/data/dataset/pothole/n09398076_4284.JPEG
pothole 126 104 580 367

http://140.115.152.223:7001/data/dataset/pothole/n09398076_11823.JPEG
pothole 321 229 412 312
car 381 120 427 156

http://140.115.152.223:7001/data/dataset/pothole/n09398076_10950.JPEG
pothole 148 8 457 475

http://140.115.152.223:7001/data/dataset/pothole/n09398076_5715.JPEG
pothole 224 180 389 276
person 311 58 358 107

http://140.115.152.223:7001/data/dataset/pothole/n09398076_8513.JPEG
pothole 74 15 544 472

http://140.115.152.223:7001/data/dataset/pothole/n09398076_14183.JPEG
pothole 0 260 201 454
pothole 303 20 437 110

http://140.115.152.223:7001/data/dataset/pothole/n09398076_374.JPEG
pothole 104 78 491 429

http://140.115.152.223:7001/data/dataset/pothole/n09398076_6876.JPEG
pothole 264 144 620 324

http://140.115.152.223:7001/data/dataset/pothole/n09398076_11887.JPEG
pothole 229 353 576 476
pothole 276 196 476 353
pothole 302 112 464 220
pothole 357 49 445 114
pothole 388 19 448 56
tree 216 1 283 73
tree 81 207 3 5

http://140.115.152.223:7001/data/dataset/pothole/n09398076_630.JPEG
pothole 85 22 566 362

http://140.115.152.223:7001/data/dataset/pothole/n09398076_1019.JPEG
pothole 316 239 635 436
car 276 108 610 417
tree 475 16 551 100
tree 125 6 245 95
tree 125 66 65 6
tree 45 59 4 3

http://140.115.152.223:7001/data/dataset/pothole/n09398076_18750.JPEG
pothole 140 41 409 367

http://140.115.152.223:7001/data/dataset/pothole/n09398076_19563.JPEG
pothole 76 128 508 370

http://140.115.152.223:7001/data/dataset/pothole/n09398076_18444.JPEG
pothole 211 185 427 367

http://140.115.152.223:7001/data/dataset/pothole/n09398076_8429.JPEG
pothole 336 32 494 158
pothole 344 201 464 371
pothole 468 259 544 369
pothole 97 233 308 456
pothole 80 88 299 248

http://140.115.152.223:7001/data/dataset/pothole/n09398076_21058.JPEG
pothole 298 59 515 330
pothole 5 281 184 457

http://140.115.152.223:7001/data/dataset/pothole/n09398076_6533.JPEG
pothole 102 196 390 444
pothole 376 134 632 421

http://140.115.152.223:7001/data/dataset/pothole/n09398076_2903.JPEG
pothole 137 113 564 476

http://140.115.152.223:7001/data/dataset/pothole/n09398076_1347.JPEG
pothole 313 177 494 380

http://140.115.152.223:7001/data/dataset/pothole/n09398076_17828.JPEG
pothole 217 410 356 475
pothole 80 358 159 399
pothole 76 384 192 432
pothole 168 349 244 397
pothole 221 322 316 368
pothole 346 348 409 374
pothole 233 248 308 288
tree 51 109 94 206
tree 88 118 128 197

http://140.115.152.223:7001/data/dataset/pothole/n09398076_4529.JPEG
pothole 76 241 625 461
pothole 308 136 422 195
pothole 300 108 389 148
pothole 107 172 262 247
pothole 27 107 164 186
car 278 13 350 65
person 330 16 366 62

http://140.115.152.223:7001/data/dataset/pothole/n09398076_161.JPEG
pothole 116 173 540 372

http://140.115.152.223:7001/data/dataset/pothole/n09398076_1954.JPEG
pothole 94 125 571 392

http://140.115.152.223:7001/data/dataset/pothole/n09398076_1111.JPEG
pothole 203 185 628 409
car 120 27 530 406
car 97 216 7 55

http://140.115.152.223:7001/data/dataset/pothole/n09398076_19376.JPEG
pothole 452 6 535 88
pothole 598 7 640 57
pothole 334 1 380 32
pothole 301 18 385 160
pothole 246 136 371 471

http://140.115.152.223:7001/data/dataset/pothole/n09398076_919.JPEG
pothole 324 196 624 384
tree 325 33 399 116
tree 425 42 487 117
tree 512 36 555 104
tree 592 14 639 105
tree 160 45 200 86
tree 208 48 248 95
tree 96 37 147 86
tree 71 52 98 91

http://140.115.152.223:7001/data/dataset/pothole/n09398076_1864.JPEG
pothole 42 70 290 212
pothole 376 84 604 212
pothole 169 246 318 307
pothole 76 304 240 389
pothole 232 318 316 348
pothole 252 344 319 413
pothole 76 423 11 360
pothole 349 315 399 347
pothole 500 290 584 337
pothole 484 338 553 380
pothole 374 339 582 468
pothole 368 252 499 305

http://140.115.152.223:7001/data/dataset/pothole/n09398076_2826.JPEG
pothole 587 475 7 206

http://140.115.152.223:7001/data/dataset/pothole/n09398076_12185.JPEG
pothole 84 69 537 441

http://140.115.152.223:7001/data/dataset/pothole/n09398076_463.JPEG
pothole 604 460 1 8

http://140.115.152.223:7001/data/dataset/pothole/n09398076_7527.JPEG
pothole 144 175 512 418
car 589 6 640 40
car 500 6 550 28

http://140.115.152.223:7001/data/dataset/pothole/n09398076_11546.JPEG
pothole 140 152 510 436

http://140.115.152.223:7001/data/dataset/pothole/n09398076_7467.JPEG
pothole 97 237 409 393
car 484 138 576 189
car 409 123 461 160
car 362 131 389 159
car 307 136 354 162
tree 588 36 632 192
tree 520 35 592 175

http://140.115.152.223:7001/data/dataset/pothole/n09398076_6037.JPEG
car 384 3 639 74
person 452 68 356 0
pothole 2 96 585 454

http://140.115.152.223:7001/data/dataset/pothole/n09398076_10643.JPEG
pothole 236 93 472 169
pothole 117 176 532 334
car 488 1 633 72
car 444 1 505 44
car 374 0 424 19
car 260 153 4 1

http://140.115.152.223:7001/data/dataset/pothole/n09398076_20263.JPEG
pothole 107 81 572 328

http://140.115.152.223:7001/data/dataset/pothole/n09398076_10037.JPEG
pothole 151 65 624 328

http://140.115.152.223:7001/data/dataset/pothole/n09398076_6379.JPEG
pothole 82 160 547 362
car 284 3 638 172
car 177 144 2 8

http://140.115.152.223:7001/data/dataset/pothole/n09398076_6552.JPEG
person 84 79 189 321
person 260 136 332 227
car 381 84 476 180
pothole 79 176 410 330

http://140.115.152.223:7001/data/dataset/pothole/n09398076_301.JPEG
pothole 166 64 637 362

http://140.115.152.223:7001/data/dataset/pothole/n09398076_2380.JPEG
pothole 72 230 276 388

http://140.115.152.223:7001/data/dataset/pothole/n09398076_892.JPEG
pothole 11 209 626 368

http://140.115.152.223:7001/data/dataset/pothole/n09398076_3893.JPEG
pothole 85 275 319 400
pothole 416 208 573 321

http://140.115.152.223:7001/data/dataset/pothole/n09398076_6714.JPEG
pothole 108 96 602 344

http://140.115.152.223:7001/data/dataset/pothole/n09398076_10748.JPEG
pothole 277 83 428 145
pothole 381 150 479 214

http://140.115.152.223:7001/data/dataset/pothole/n09398076_964.JPEG
pothole 220 205 472 321
pothole 170 104 299 145
pothole 242 147 320 168
pothole 516 98 637 160
car 299 0 620 75
car 120 72 4 4

http://140.115.152.223:7001/data/dataset/pothole/n09398076_2113.JPEG
pothole 257 281 586 438

http://140.115.152.223:7001/data/dataset/pothole/n09398076_4271.JPEG
pothole 24 237 315 356
pothole 208 88 357 158
pothole 477 178 618 277
pothole 448 296 599 385
pothole 314 176 462 251
person 204 190 492 452

http://140.115.152.223:7001/data/dataset/pothole/n09398076_1428.JPEG
pothole 252 176 392 278

http://140.115.152.223:7001/data/dataset/pothole/n09398076_4644.JPEG
pothole 22 232 135 303
car 316 120 363 144
car 460 104 551 141

http://140.115.152.223:7001/data/dataset/pothole/n09398076_19567.JPEG
pothole 10 146 637 477

http://140.115.152.223:7001/data/dataset/pothole/n09398076_2719.JPEG
pothole 192 213 373 333
person 112 4 320 215

http://140.115.152.223:7001/data/dataset/pothole/n09398076_1526.JPEG
car 390 48 560 138
person 354 9 389 84
person 391 14 419 95
pothole 221 309 360 403
pothole 286 158 364 193
pothole 325 129 360 142
pothole 295 144 363 168
pothole 438 140 481 161
pothole 420 154 452 174
pothole 486 162 561 200
pothole 383 168 500 222
pothole 336 209 490 268
pothole 280 187 376 234
pothole 148 155 203 175
pothole 201 175 230 196
pothole 181 214 222 236
pothole 108 226 180 261
pothole 96 208 152 225
pothole 112 149 144 170
pothole 43 148 78 164
pothole 80 156 108 176
pothole 54 174 78 192
pothole 31 187 80 210

http://140.115.152.223:7001/data/dataset/pothole/n09398076_13803.JPEG
pothole 172 15 264 90

http://140.115.152.223:7001/data/dataset/pothole/n09398076_19029.JPEG
pothole 180 188 394 297
car 406 105 99 1

http://140.115.152.223:7001/data/dataset/pothole/n09398076_15697.JPEG
car 359 5 414 58
car 286 13 347 64
car 170 84 56 17
car 82 92 4 4
person 219 3 260 65
person 270 11 288 65
car 457 6 481 28
pothole 440 193 487 231

http://140.115.152.223:7001/data/dataset/pothole/n09398076_1610.JPEG
pothole 56 91 552 468

http://140.115.152.223:7001/data/dataset/pothole/n09398076_6801.JPEG
pothole 93 386 168 431
car 209 61 413 268
person 253 146 295 179

http://140.115.152.223:7001/data/dataset/pothole/n09398076_12317.JPEG
person 304 281 508 464
person 500 260 572 435
car 112 115 360 273
car 301 239 638 476
pothole 0 264 100 340
pothole 117 262 192 309
pothole 105 326 173 362
pothole 97 467 4 347
pothole 184 265 296 324
pothole 543 220 586 240
pothole 580 203 598 222
pothole 379 235 565 281
pothole 422 192 544 237

http://140.115.152.223:7001/data/dataset/pothole/n09398076_47.JPEG
person 216 224 244 283
person 241 218 257 282
pothole 208 310 263 352
pothole 240 342 444 404
pothole 426 400 553 476

http://140.115.152.223:7001/data/dataset/pothole/n09398076_7226.JPEG
pothole 117 94 400 305

http://140.115.152.223:7001/data/dataset/pothole/n09398076_10065.JPEG
pothole 261 270 611 458
car 487 268 32 8
car 353 30 612 197
car 489 52 635 161

http://140.115.152.223:7001/data/dataset/pothole/n09398076_8547.JPEG
car 0 236 527 3
pothole 190 194 440 444

http://140.115.152.223:7001/data/dataset/pothole/n09398076_6570.JPEG
pothole 159 186 512 399

http://140.115.152.223:7001/data/dataset/pothole/n09398076_8812.JPEG
pothole 132 141 413 303

http://140.115.152.223:7001/data/dataset/pothole/n09398076_8634.JPEG
pothole 56 49 593 356
pothole 460 403 638 478

http://140.115.152.223:7001/data/dataset/pothole/n09398076_6008.JPEG
pothole 240 332 448 425
pothole 382 265 464 312
pothole 223 232 320 272
pothole 170 277 252 336
pothole 104 244 192 277
pothole 30 200 122 230
car 428 56 637 439

http://140.115.152.223:7001/data/dataset/pothole/n09398076_9174.JPEG
pothole 225 262 594 364
tree 479 134 567 265
tree 354 145 472 258
tree 285 188 374 256
tree 97 101 204 255
pothole 375 425 4 304

http://140.115.152.223:7001/data/dataset/pothole/n09398076_20341.JPEG
pothole 8 108 284 280
pothole 261 230 617 476
pothole 425 123 618 248
pothole 495 79 586 146
pothole 526 36 627 110
pothole 288 28 469 99
pothole 165 62 12 6

http://140.115.152.223:7001/data/dataset/pothole/n09398076_991.JPEG
pothole 325 318 519 378
person 155 33 285 327
person 344 60 456 310

http://140.115.152.223:7001/data/dataset/pothole/n09398076_6518.JPEG
pothole 106 66 479 380

http://140.115.152.223:7001/data/dataset/pothole/n09398076_13139.JPEG
person 81 305 154 428
person 132 244 220 382
person 120 132 174 233
car 296 86 638 461
car 346 98 639 264
car 264 52 457 128
car 196 7 352 74
car 365 12 488 72
car 406 3 513 39
car 608 37 637 79
car 22 85 2 47
car 59 76 1 22
car 87 60 24 26
car 100 50 21 11
car 125 46 30 4
car 158 48 88 1
pothole 13 256 109 351

http://140.115.152.223:7001/data/dataset/pothole/n09398076_4910.JPEG
pothole 94 252 415 400
person 531 191 640 434

http://140.115.152.223:7001/data/dataset/pothole/n09398076_977.JPEG
car 194 104 33 13
tree 272 90 192 0
door 416 14 446 92
door 452 16 484 78
pothole 84 139 600 355

http://140.115.152.223:7001/data/dataset/pothole/n09398076_2790.JPEG
pothole 12 208 588 360

http://140.115.152.223:7001/data/dataset/pothole/n09398076_18821.JPEG
pothole 180 300 348 384
pothole 294 272 408 317
pothole 127 248 300 289
pothole 138 231 191 249
pothole 109 168 256 211
pothole 312 188 441 221
pothole 298 170 383 193
pothole 160 209 246 243

http://140.115.152.223:7001/data/dataset/pothole/n09398076_2352.JPEG
pothole 181 97 481 382

http://140.115.152.223:7001/data/dataset/pothole/n09398076_2496.JPEG
pothole 73 120 608 348

http://140.115.152.223:7001/data/dataset/pothole/n09398076_9344.JPEG
pothole 233 266 511 415
car 239 3 404 89
car 133 10 268 71
car 165 63 12 4
car 58 49 3 8
person 256 0 640 471

http://140.115.152.223:7001/data/dataset/pothole/n09398076_3124.JPEG
pothole 0 231 577 399
car 212 196 417 326
person 65 266 133 322
person 4 140 34 194
person 22 212 0 158
person 235 144 264 238
person 256 151 288 239
person 284 178 319 224
person 327 173 353 222
person 329 139 376 200
person 354 165 383 222
person 371 133 413 216
person 396 195 428 262
person 411 147 467 280
person 489 135 525 274
person 518 129 547 225
person 514 116 633 397
person 540 135 575 214
person 593 142 636 232
tree 200 240 20 4

http://140.115.152.223:7001/data/dataset/pothole/n09398076_2379.JPEG
pothole 602 466 21 20

http://140.115.152.223:7001/data/dataset/pothole/n09398076_12486.JPEG
pothole 132 411 1 285
pothole 226 255 394 352
pothole 450 305 628 456
pothole 432 227 582 295
pothole 518 158 628 224
pothole 333 186 483 236
pothole 203 196 294 234
pothole 164 188 50 144
pothole 2 200 112 251
pothole 178 113 269 168
pothole 280 139 411 187
pothole 428 139 528 195
pothole 333 102 440 142
pothole 272 85 362 120
pothole 72 92 139 110
pothole 215 32 277 52
pothole 178 55 256 73
pothole 158 73 210 93

http://140.115.152.223:7001/data/dataset/pothole/n09398076_3562.JPEG
pothole 132 322 513 464
car 2 39 459 300

http://140.115.152.223:7001/data/dataset/pothole/n09398076_712.JPEG
car 488 138 575 189
car 410 120 457 155
car 308 134 360 163
pothole 101 233 473 387
tree 580 60 632 196
person 104 141 136 165

http://140.115.152.223:7001/data/dataset/pothole/n09398076_9028.JPEG
person 131 73 160 124
person 213 70 236 108
person 236 72 261 115
car 346 72 410 127
car 385 65 432 104
car 291 67 343 107
tree 122 130 48 4
tree 508 4 636 93
pothole 2 213 154 333
pothole 192 232 612 450

http://140.115.152.223:7001/data/dataset/pothole/n09398076_1331.JPEG
pothole 263 86 340 119
pothole 223 227 440 432

http://140.115.152.223:7001/data/dataset/pothole/n09398076_14025.JPEG
pothole 539 226 628 305
pothole 220 100 339 178
car 285 38 100 1

http://140.115.152.223:7001/data/dataset/pothole/n09398076_4464.JPEG
pothole 263 206 565 385

http://140.115.152.223:7001/data/dataset/pothole/n09398076_15955.JPEG
pothole 86 58 638 296

http://140.115.152.223:7001/data/dataset/pothole/n09398076_11947.JPEG
pothole 44 340 250 464
person 168 16 603 447
car 289 102 4 2

http://140.115.152.223:7001/data/dataset/pothole/n09398076_3028.JPEG
pothole 449 138 564 200
pothole 210 365 420 477
pothole 296 272 472 389
pothole 416 184 520 276
pothole 492 74 562 146
pothole 532 15 574 82

http://140.115.152.223:7001/data/dataset/pothole/n09398076_1571.JPEG
pothole 8 183 629 421
car 45 120 96 148
door 428 12 516 112
door 262 44 328 115

http://140.115.152.223:7001/data/dataset/pothole/n09398076_2913.JPEG
person 400 5 572 248
person 407 7 473 145
person 380 3 479 93
person 399 1 433 44
person 285 2 336 92
car 285 199 98 2
car 188 473 0 0
motorcycle 273 51 585 299
pothole 187 208 504 318
pothole 304 315 472 376
pothole 413 372 484 403
pothole 460 396 571 447
pothole 367 396 440 423
pothole 372 412 468 453
pothole 251 413 328 443
pothole 517 325 600 366
pothole 609 401 640 437

http://140.115.152.223:7001/data/dataset/pothole/n09398076_9710.JPEG
pothole 170 111 246 160
pothole 116 52 183 100

http://140.115.152.223:7001/data/dataset/pothole/n09398076_17908.JPEG
pothole 211 153 414 362

http://140.115.152.223:7001/data/dataset/pothole/n09398076_9378.JPEG
pothole 120 45 528 423

http://140.115.152.223:7001/data/dataset/pothole/n09398076_3961.JPEG
pothole 134 163 310 290
pothole 320 133 445 232
pothole 226 299 350 389

http://140.115.152.223:7001/data/dataset/pothole/n09398076_8116.JPEG
pothole 104 274 577 481
person 29 2 318 268

http://140.115.152.223:7001/data/dataset/pothole/n09398076_1474.JPEG
pothole 147 109 442 367

http://140.115.152.223:7001/data/dataset/pothole/n09398076_6399.JPEG
pothole 18 84 638 242
pothole 0 204 626 460
car 41 4 629 224

http://140.115.152.223:7001/data/dataset/pothole/n09398076_6192.JPEG
car 638 267 1 16
pothole 14 276 629 466

http://140.115.152.223:7001/data/dataset/pothole/n09398076_9955.JPEG
pothole 217 106 416 264
car 525 73 640 446
car 400 0 491 37
car 316 28 219 2
car 21 0 225 98
pothole 522 51 636 159

http://140.115.152.223:7001/data/dataset/pothole/n09398076_18859.JPEG
pothole 344 294 538 420
person 258 266 537 401
person 63 128 435 379

http://140.115.152.223:7001/data/dataset/pothole/n09398076_372.JPEG
pothole 220 162 494 463

http://140.115.152.223:7001/data/dataset/pothole/n09398076_4458.JPEG
pothole 69 84 429 355

http://140.115.152.223:7001/data/dataset/pothole/n09398076_9906.JPEG
pothole 186 325 348 427
car 102 220 1 56
car 166 98 248 151
tree 429 74 585 214
tree 293 50 384 163
tree 369 69 417 177
tree 413 67 471 171
tree 80 121 2 2
tree 89 1 180 148
tree 190 26 239 135

http://140.115.152.223:7001/data/dataset/pothole/n09398076_11048.JPEG
pothole 182 31 465 332

http://140.115.152.223:7001/data/dataset/pothole/n09398076_7355.JPEG
pothole 238 174 334 201
pothole 209 190 266 222
pothole 92 199 220 241
pothole 259 221 382 253
pothole 240 239 354 276
pothole 92 245 220 281
pothole 172 281 344 321
pothole 354 281 557 340
pothole 143 310 283 356
pothole 132 363 560 460
car 225 12 607 115
car 468 2 639 71

http://140.115.152.223:7001/data/dataset/pothole/n09398076_2874.JPEG
pothole 176 133 344 402
pothole 432 55 580 158

http://140.115.152.223:7001/data/dataset/pothole/n09398076_551.JPEG
pothole 18 131 216 252
pothole 432 239 605 340

http://140.115.152.223:7001/data/dataset/pothole/n09398076_19583.JPEG
pothole 44 256 422 381
car 201 57 336 129
tree 139 3 269 141

http://140.115.152.223:7001/data/dataset/pothole/n09398076_16241.JPEG
car 406 0 637 357
car 349 1 493 100
car 296 0 378 56
pothole 244 256 485 440
pothole 217 157 334 256
pothole 255 99 364 197

http://140.115.152.223:7001/data/dataset/pothole/n09398076_432.JPEG
pothole 70 218 526 459
person 518 108 637 254
car 508 61 638 136
tree 448 1 515 103

http://140.115.152.223:7001/data/dataset/pothole/n09398076_5198.JPEG
pothole 92 230 622 439
pothole 88 173 247 241
pothole 367 128 461 178
pothole 217 119 342 168
pothole 497 90 636 184

http://140.115.152.223:7001/data/dataset/pothole/n09398076_4796.JPEG
pothole 57 187 582 395
person 290 44 347 96
car 161 39 270 104

http://140.115.152.223:7001/data/dataset/pothole/n09398076_6393.JPEG
car 68 36 404 255
pothole 85 338 264 416
pothole 260 332 376 385
pothole 328 287 404 346
pothole 407 237 494 297
tree 285 2 408 168
tree 399 19 460 161
tree 426 52 529 160

http://140.115.152.223:7001/data/dataset/pothole/n09398076_19127.JPEG
person 216 167 400 346
car 308 37 372 91

http://140.115.152.223:7001/data/dataset/pothole/n09398076_13007.JPEG
pothole 108 16 564 460

http://140.115.152.223:7001/data/dataset/pothole/n09398076_12404.JPEG
pothole 257 168 476 348
person 239 67 187 0
person 179 56 138 0
car 222 3 325 78
car 430 2 594 92
car 369 4 461 72
car 335 13 403 59

http://140.115.152.223:7001/data/dataset/pothole/n09398076_1834.JPEG
pothole 206 106 487 223
pothole 222 233 362 411

http://140.115.152.223:7001/data/dataset/pothole/n09398076_7229.JPEG
pothole 313 323 420 383
tree 18 35 121 140
tree 103 11 181 129
tree 184 50 237 131
tree 300 44 359 148
tree 368 64 420 123
tree 471 19 582 128

http://140.115.152.223:7001/data/dataset/pothole/n09398076_3457.JPEG
pothole 92 157 575 356

http://140.115.152.223:7001/data/dataset/pothole/n09398076_7573.JPEG
pothole 192 85 508 239
pothole 181 288 604 476

http://140.115.152.223:7001/data/dataset/pothole/n09398076_20862.JPEG
pothole 344 394 412 437
pothole 165 378 325 438
pothole 99 269 194 323
pothole 211 253 318 333
person 253 98 612 409
person 462 17 526 91

http://140.115.152.223:7001/data/dataset/pothole/n09398076_14608.JPEG
person 0 51 384 375
motorcycle 475 2 637 64
pothole 200 259 357 322
pothole 433 354 640 458

http://140.115.152.223:7001/data/dataset/pothole/n09398076_2519.JPEG
pothole 189 245 417 477
car 290 118 340 167
tree 400 18 500 171
tree 466 5 574 162
tree 552 46 596 148

http://140.115.152.223:7001/data/dataset/pothole/n09398076_4548.JPEG
car 24 127 249 282
pothole 144 259 391 339
pothole 165 403 375 473
pothole 440 307 559 379
pothole 388 260 481 334
pothole 495 220 604 289
car 622 105 640 137
tree 60 6 272 130
tree 310 12 416 141
tree 512 4 629 138

http://140.115.152.223:7001/data/dataset/pothole/n09398076_5330.JPEG
pothole 9 120 620 344

http://140.115.152.223:7001/data/dataset/pothole/n09398076_6873.JPEG
pothole 40 408 240 459
pothole 36 368 114 406
pothole 202 360 292 401
pothole 280 396 364 441
pothole 385 405 460 448
pothole 173 448 508 478
person 298 230 397 394
person 540 261 617 390
car 244 260 337 329
car 529 294 612 356
car 609 278 639 350

http://140.115.152.223:7001/data/dataset/pothole/n09398076_9737.JPEG
pothole 174 185 502 440

http://140.115.152.223:7001/data/dataset/pothole/n09398076_11407.JPEG
pothole 79 58 507 287

http://140.115.152.223:7001/data/dataset/pothole/n09398076_20998.JPEG
pothole 41 65 635 474

http://140.115.152.223:7001/data/dataset/pothole/n09398076_4264.JPEG
pothole 2 192 587 471
car 236 4 592 143
car 141 39 267 119

http://140.115.152.223:7001/data/dataset/pothole/n09398076_671.JPEG
car 221 214 2 4
car 245 6 294 44
car 324 2 404 43
car 422 0 637 104
pothole 264 160 486 260
pothole 202 248 503 472

http://140.115.152.223:7001/data/dataset/pothole/n09398076_13562.JPEG
pothole 265 98 388 148
pothole 215 144 450 179
pothole 237 178 434 211
pothole 8 226 635 474

http://140.115.152.223:7001/data/dataset/pothole/n09398076_18960.JPEG
pothole 47 102 568 429
