http://140.115.152.223:7001/data/dataset/streetview/n04335209_19361.JPEG
person 456 340 509 429
person 309 365 339 413
person 328 354 359 414
tree 342 255 442 397
tree 382 7 638 409

http://140.115.152.223:7001/data/dataset/streetview/n04335209_25269.JPEG
person 151 280 207 351
person 211 278 254 341
person 252 290 279 341
person 273 270 306 340
person 299 277 336 341

http://140.115.152.223:7001/data/dataset/streetview/n04335209_7186.JPEG
car 129 351 393 468
car 89 323 266 442
tree 5 199 238 402
car 318 344 392 382
car 376 340 462 386
car 444 341 577 395

http://140.115.152.223:7001/data/dataset/streetview/n04335209_25379.JPEG
car 203 291 301 383
car 259 292 319 361
car 363 281 397 315

http://140.115.152.223:7001/data/dataset/streetview/n04335209_3900.JPEG
car 307 292 407 398
car 60 278 171 385
car 122 269 203 355
tree 364 14 557 398

http://140.115.152.223:7001/data/dataset/streetview/n04335209_1212.JPEG
person 477 336 592 466
trafficlight 40 179 74 234
car 64 334 204 396
car 267 328 359 385

http://140.115.152.223:7001/data/dataset/streetview/n04335209_17337.JPEG
car 440 238 620 448
car 518 284 634 477

http://140.115.152.223:7001/data/dataset/streetview/n04335209_3478.JPEG
tree 374 16 639 389
car 120 327 289 462
car 169 320 278 405
car 307 297 441 369
car 345 309 455 375
car 368 318 478 389

http://140.115.152.223:7001/data/dataset/streetview/n04335209_2252.JPEG
person 408 138 444 230

http://140.115.152.223:7001/data/dataset/streetview/n04335209_15738.JPEG
person 305 263 367 373
person 444 266 508 365
person 209 267 272 369
tree 135 23 423 351

http://140.115.152.223:7001/data/dataset/streetview/n04335209_17506.JPEG
person 63 254 110 338
car 184 248 239 303
car 224 250 273 299

http://140.115.152.223:7001/data/dataset/streetview/n04335209_12523.JPEG
person 326 322 365 418
person 354 310 402 427
person 387 316 427 420
person 427 315 459 420
person 451 314 504 460
person 489 308 551 466
person 513 314 578 464
person 524 318 637 474
person 227 310 258 364
tree 352 33 600 369

http://140.115.152.223:7001/data/dataset/streetview/n04335209_13158.JPEG
car 125 48 301 150
car 280 68 353 119

http://140.115.152.223:7001/data/dataset/streetview/n04335209_8767.JPEG
car 91 377 337 479
car 245 332 364 398
person 116 344 168 412
person 80 345 129 410

http://140.115.152.223:7001/data/dataset/streetview/n04335209_17250.JPEG
tree 79 1 304 417
tree 150 99 404 295

http://140.115.152.223:7001/data/dataset/streetview/n04335209_6366.JPEG
person 192 165 291 423
person 314 172 383 352
bicycle 32 228 156 321
person 422 211 462 294
person 440 217 485 305

http://140.115.152.223:7001/data/dataset/streetview/n04335209_6021.JPEG
car 409 329 492 403
car 360 329 426 393
car 324 335 375 385
person 466 312 508 409

http://140.115.152.223:7001/data/dataset/streetview/n04335209_13168.JPEG
person 235 253 299 418
person 212 246 261 412
person 371 248 448 421
person 505 229 605 451

http://140.115.152.223:7001/data/dataset/streetview/n04335209_7741.JPEG
car 9 312 168 423
car 96 301 223 383
car 181 310 265 368
tree 233 209 407 368
tree 365 233 470 337

http://140.115.152.223:7001/data/dataset/streetview/n04335209_12208.JPEG
person 91 196 210 432
person 186 271 270 399
person 10 250 60 367
tree 488 200 565 360
tree 443 199 521 354
tree 373 217 466 346

http://140.115.152.223:7001/data/dataset/streetview/n04335209_16114.JPEG
person 119 312 247 476
person 374 292 479 475
person 226 268 303 394
person 272 270 324 367
person 72 268 113 347
person 425 263 462 357
