http://140.115.152.223:7001/data/dataset/streetview/n04335209_9883.JPEG
door 432 150 515 280

http://140.115.152.223:7001/data/dataset/streetview/n04335209_13394.JPEG
tree 8 28 143 295
tree 335 4 565 317
person 188 236 240 292
person 252 232 281 285
motorcycle 376 249 478 303
bench 452 277 574 340
trafficlight 132 173 161 209
trafficlight 122 205 143 237

http://140.115.152.223:7001/data/dataset/streetview/n04335209_8928.JPEG
car 551 276 636 377
car 0 324 99 466
person 375 276 420 357

http://140.115.152.223:7001/data/dataset/streetview/n04335209_15891.JPEG
person 188 305 266 479
person 279 330 330 477
person 355 301 436 481
person 132 259 190 385
person 88 255 141 373
person 476 224 509 356
person 496 265 564 476
person 425 237 484 375
trafficlight 131 52 222 176
trafficlight 255 56 343 164
trafficlight 348 90 398 187

http://140.115.152.223:7001/data/dataset/streetview/n04335209_4323.JPEG
person 259 255 371 438

http://140.115.152.223:7001/data/dataset/streetview/n04335209_25168.JPEG
person 515 292 571 420
person 560 293 608 416
person 462 303 494 398
person 492 290 524 389
car 317 305 367 350

http://140.115.152.223:7001/data/dataset/streetview/n04335209_7795.JPEG
tree 248 0 444 421

http://140.115.152.223:7001/data/dataset/streetview/n04335209_20973.JPEG
person 418 172 475 307
person 343 181 401 315
person 517 191 579 313
person 292 176 333 275
trafficlight 188 63 268 308
tree 111 15 200 298

http://140.115.152.223:7001/data/dataset/streetview/n04335209_7387.JPEG
car 170 188 394 386

http://140.115.152.223:7001/data/dataset/streetview/n04335209_11136.JPEG
car 278 247 376 378
person 132 184 195 436
person 60 204 111 424
person 424 220 468 424
person 392 235 436 400

http://140.115.152.223:7001/data/dataset/streetview/n04335209_4432.JPEG
person 290 336 360 474
person 391 345 512 477
person 508 354 617 477

http://140.115.152.223:7001/data/dataset/streetview/n04335209_10036.JPEG
car 346 293 466 354
car 463 265 632 347
car 252 306 357 359
car 159 308 268 361
car 104 319 189 359

http://140.115.152.223:7001/data/dataset/streetview/n04335209_20668.JPEG
trafficlight 288 262 367 480
car 145 349 267 478

http://140.115.152.223:7001/data/dataset/streetview/n04335209_8801.JPEG
person 221 294 509 478
person 114 243 194 420
person 32 233 118 424

http://140.115.152.223:7001/data/dataset/streetview/n04335209_15303.JPEG
tree 248 198 395 448

http://140.115.152.223:7001/data/dataset/streetview/n04335209_12634.JPEG
person 478 120 617 465
person 396 176 458 336
motorcycle 168 194 243 265

http://140.115.152.223:7001/data/dataset/streetview/n04335209_18103.JPEG
person 339 290 387 406
car 106 280 234 363
car 4 288 114 351
car 245 280 336 358

http://140.115.152.223:7001/data/dataset/streetview/n04335209_12577.JPEG
car 289 330 382 392

http://140.115.152.223:7001/data/dataset/streetview/n04335209_15332.JPEG
car 22 380 124 460

http://140.115.152.223:7001/data/dataset/streetview/n04335209_13093.JPEG
person 261 271 348 419
person 341 250 442 404
person 211 264 276 367

http://140.115.152.223:7001/data/dataset/streetview/n04335209_4207.JPEG
person 486 244 597 441
person 384 281 460 402

http://140.115.152.223:7001/data/dataset/streetview/n04335209_9410.JPEG
car 4 395 94 461
car 90 373 188 430
car 329 124 388 163

http://140.115.152.223:7001/data/dataset/streetview/n04335209_7144.JPEG
car 221 307 413 417
car 453 309 634 451
person 58 289 116 428
person 44 435 0 292
bench 136 370 200 450
person 124 344 179 440

http://140.115.152.223:7001/data/dataset/streetview/n04335209_4176.JPEG
tree 141 290 65 8
tree 146 3 202 287
tree 179 5 249 275
tree 346 16 520 233
car 345 217 511 382
car 324 243 377 303
person 12 206 83 405
car 237 235 279 280

http://140.115.152.223:7001/data/dataset/streetview/n04335209_6155.JPEG
person 401 348 440 436
person 348 339 396 434
person 258 329 314 424
person 204 338 248 412
car 501 296 639 421
car 450 348 516 400
car 389 352 461 398
car 317 354 374 392

http://140.115.152.223:7001/data/dataset/streetview/n04335209_16917.JPEG
door 116 210 187 388
door 202 215 242 339
door 260 224 287 329

http://140.115.152.223:7001/data/dataset/streetview/n04335209_8043.JPEG
person 382 307 441 442
person 527 331 627 473

http://140.115.152.223:7001/data/dataset/streetview/n04335209_3896.JPEG
tree 81 6 278 388
tree 395 152 557 400
car 337 302 397 364

http://140.115.152.223:7001/data/dataset/streetview/n04335209_9196.JPEG
tree 631 340 541 4
tree 550 315 451 12

http://140.115.152.223:7001/data/dataset/streetview/n04335209_3908.JPEG
person 374 162 449 319
person 569 135 625 247
car 393 92 487 187

http://140.115.152.223:7001/data/dataset/streetview/n04335209_4411.JPEG
person 244 208 331 308
car 320 204 428 275

http://140.115.152.223:7001/data/dataset/streetview/n04335209_8785.JPEG
person 226 352 297 478
person 161 340 220 476
person 114 341 164 467
person 90 348 132 463
person 452 379 510 455
tree 41 93 172 409
tree 312 154 427 456

http://140.115.152.223:7001/data/dataset/streetview/n04335209_4394.JPEG
door 328 204 379 287

http://140.115.152.223:7001/data/dataset/streetview/n04335209_3677.JPEG
person 36 321 172 471
tree 133 176 295 324
motorcycle 192 290 264 368

http://140.115.152.223:7001/data/dataset/streetview/n04335209_10790.JPEG
person 424 189 467 289
person 396 188 436 280
person 120 220 168 332
person 100 203 149 325

http://140.115.152.223:7001/data/dataset/streetview/n04335209_6354.JPEG
person 372 300 475 427
person 460 296 547 437
person 173 295 237 361
person 124 302 172 378
person 48 295 107 378

http://140.115.152.223:7001/data/dataset/streetview/n04335209_3815.JPEG
person 360 325 412 446
car 278 335 365 413
car 384 326 480 423
person 59 331 97 403

http://140.115.152.223:7001/data/dataset/streetview/n04335209_17249.JPEG
car 182 325 350 452

http://140.115.152.223:7001/data/dataset/streetview/n04335209_5534.JPEG
car 244 283 369 368
person 173 291 228 352

http://140.115.152.223:7001/data/dataset/streetview/n04335209_5806.JPEG
person 388 273 490 480
person 322 284 401 401
person 302 274 341 391
person 38 297 88 471
tree 71 53 208 480
tree 505 240 571 407
tree 417 0 611 408
tree 78 1 243 387

http://140.115.152.223:7001/data/dataset/streetview/n04335209_6014.JPEG
tree 173 128 265 325
door 430 125 496 309

http://140.115.152.223:7001/data/dataset/streetview/n04335209_8331.JPEG
car 138 327 218 392
car 348 326 417 382
person 59 312 96 385

http://140.115.152.223:7001/data/dataset/streetview/n04335209_5414.JPEG
door 44 218 137 347

http://140.115.152.223:7001/data/dataset/streetview/n04335209_551.JPEG
person 445 388 480 468
person 358 383 393 458
person 382 379 415 462
car 132 386 185 431

http://140.115.152.223:7001/data/dataset/streetview/n04335209_11767.JPEG
car 158 386 233 447

http://140.115.152.223:7001/data/dataset/streetview/n04335209_6419.JPEG
door 8 36 200 454

http://140.115.152.223:7001/data/dataset/streetview/n04335209_10027.JPEG
car 326 396 394 448
tree 70 283 162 436
tree 3 208 99 444

http://140.115.152.223:7001/data/dataset/streetview/n04335209_15122.JPEG
tree 113 11 496 464
car 399 372 556 457

http://140.115.152.223:7001/data/dataset/streetview/n04335209_15507.JPEG
door 14 44 109 392

http://140.115.152.223:7001/data/dataset/streetview/n04335209_3437.JPEG
car 273 246 568 413
trafficlight 527 204 583 354
car 49 277 142 354
person 589 274 632 344
person 563 272 590 336
person 453 272 475 327

http://140.115.152.223:7001/data/dataset/streetview/n04335209_7501.JPEG
car 433 44 638 308

http://140.115.152.223:7001/data/dataset/streetview/n04335209_7498.JPEG
car 118 150 242 315
motorcycle 3 230 147 380
door 383 137 435 284

http://140.115.152.223:7001/data/dataset/streetview/n04335209_9310.JPEG
person 367 235 545 474
person 184 222 348 472
person 13 178 152 464

http://140.115.152.223:7001/data/dataset/streetview/n04335209_11996.JPEG
car 84 200 360 377
motorcycle 7 239 106 481
door 531 124 596 301

http://140.115.152.223:7001/data/dataset/streetview/n04335209_3244.JPEG
car 314 374 444 453
person 81 384 148 476
person 269 363 329 475
person 478 374 508 468
person 498 360 540 473
person 531 368 584 475

http://140.115.152.223:7001/data/dataset/streetview/n04335209_6883.JPEG
motorcycle 124 338 210 457
motorcycle 227 339 319 440
motorcycle 321 330 405 423
motorcycle 400 313 496 394
car 25 304 119 432

http://140.115.152.223:7001/data/dataset/streetview/n04335209_12629.JPEG
car 225 327 520 462
car 8 339 172 454

http://140.115.152.223:7001/data/dataset/streetview/n04335209_15058.JPEG
chair 26 338 124 443
person 239 276 307 388
person 428 288 487 357
tree 532 284 614 402
tree 130 283 188 392
tree 56 280 128 402

http://140.115.152.223:7001/data/dataset/streetview/n04335209_16670.JPEG
person 1 290 42 434
car 267 291 412 415
car 39 287 160 365
car 398 280 470 362

http://140.115.152.223:7001/data/dataset/streetview/n04335209_3380.JPEG
person 338 240 420 411
person 266 242 311 344
person 127 241 162 323
person 108 239 134 317
tree 420 6 639 391

http://140.115.152.223:7001/data/dataset/streetview/n04335209_12078.JPEG
car 310 312 479 459
car 251 388 314 454
car 12 295 260 476

http://140.115.152.223:7001/data/dataset/streetview/n04335209_10186.JPEG
motorcycle 389 330 425 370
car 84 320 208 377

http://140.115.152.223:7001/data/dataset/streetview/n04335209_12185.JPEG
car 8 284 159 428
car 176 288 244 350
car 452 281 497 316
car 526 284 587 329
tree 429 94 556 324
tree 130 57 325 332

http://140.115.152.223:7001/data/dataset/streetview/n04335209_7112.JPEG
person 409 360 440 419
person 427 357 470 422
car 257 360 299 395
car 287 351 326 391

http://140.115.152.223:7001/data/dataset/streetview/n04335209_12722.JPEG
car 484 217 632 402
car 416 222 515 351
car 216 238 294 297
tree 50 170 139 284
tree 109 144 197 288
tree 169 175 236 284
tree 417 63 635 286

http://140.115.152.223:7001/data/dataset/streetview/n04335209_6199.JPEG
person 376 206 442 306
person 229 231 276 322
person 170 201 232 301
person 124 194 171 298
door 530 159 609 300

http://140.115.152.223:7001/data/dataset/streetview/n04335209_12220.JPEG
person 386 297 456 420
person 470 290 548 404
person 343 296 408 400
person 305 299 361 376

http://140.115.152.223:7001/data/dataset/streetview/n04335209_7885.JPEG
person 400 244 488 367

http://140.115.152.223:7001/data/dataset/streetview/n04335209_9315.JPEG
car 18 302 284 444
car 360 249 631 439
car 306 244 400 326

http://140.115.152.223:7001/data/dataset/streetview/n04335209_13488.JPEG
car 329 259 448 361
tree 207 173 365 381

http://140.115.152.223:7001/data/dataset/streetview/n04335209_23656.JPEG
door 395 119 624 469

http://140.115.152.223:7001/data/dataset/streetview/n04335209_16743.JPEG
person 272 261 348 412
door 0 47 102 404

http://140.115.152.223:7001/data/dataset/streetview/n04335209_17174.JPEG
person 117 242 160 329
bicycle 119 292 168 354
car 495 246 635 381
car 440 252 536 336
car 402 250 460 322
car 309 250 340 281
car 272 251 311 285
car 1 271 104 360
car 88 244 186 331
car 160 252 213 314

http://140.115.152.223:7001/data/dataset/streetview/n04335209_15139.JPEG
person 53 336 109 438
person 116 337 157 421
person 4 351 50 436
person 341 339 375 384
trafficlight 244 298 276 348

http://140.115.152.223:7001/data/dataset/streetview/n04335209_9422.JPEG
car 363 260 464 321

http://140.115.152.223:7001/data/dataset/streetview/n04335209_13898.JPEG
person 71 340 92 381
door 436 296 550 464
door 268 311 354 416

http://140.115.152.223:7001/data/dataset/streetview/n04335209_9328.JPEG
person 532 314 608 480

http://140.115.152.223:7001/data/dataset/streetview/n04335209_8719.JPEG
car 372 296 484 394

http://140.115.152.223:7001/data/dataset/streetview/n04335209_17473.JPEG
tree 18 16 170 304

http://140.115.152.223:7001/data/dataset/streetview/n04335209_15897.JPEG
car 144 189 325 355
car 340 216 417 303
door 96 81 187 302

http://140.115.152.223:7001/data/dataset/streetview/n04335209_17642.JPEG
chair 139 313 208 415
chair 177 306 237 395
tree 221 1 445 399
tree 324 80 436 332
car 490 267 540 309
tree 481 17 620 318

http://140.115.152.223:7001/data/dataset/streetview/n04335209_9939.JPEG
tree 159 300 296 452
person 370 368 416 438
person 152 365 188 436
person 173 369 212 441

http://140.115.152.223:7001/data/dataset/streetview/n04335209_5853.JPEG
car 89 283 240 444
tree 423 298 476 404
tree 120 41 253 425
door 476 273 544 434

http://140.115.152.223:7001/data/dataset/streetview/n04335209_376.JPEG
car 518 274 632 374

http://140.115.152.223:7001/data/dataset/streetview/n04335209_13086.JPEG
tree 283 12 480 327

http://140.115.152.223:7001/data/dataset/streetview/n04335209_13466.JPEG
tree 40 96 171 410
tree 1 100 83 414
tree 192 235 257 377
tree 382 249 440 348
person 194 404 220 462
person 464 399 493 452
person 604 400 630 448
person 378 398 407 453
bicycle 348 416 384 452
person 356 402 377 444
person 313 396 333 435
bicycle 304 407 344 442

http://140.115.152.223:7001/data/dataset/streetview/n04335209_12795.JPEG
car 224 297 399 385
car 117 338 188 389
trafficlight 121 299 149 343
tree 350 177 469 360

http://140.115.152.223:7001/data/dataset/streetview/n04335209_15591.JPEG
bus 260 207 502 442
bus 190 298 265 403
person 36 335 79 412
car 99 320 150 371
car 153 341 188 370

http://140.115.152.223:7001/data/dataset/streetview/n04335209_4002.JPEG
tree 385 32 604 369
tree 55 5 247 336
car 300 244 336 286

http://140.115.152.223:7001/data/dataset/streetview/n04335209_2348.JPEG
car 227 331 553 474
car 156 303 400 429
car 49 296 260 390
trafficlight 118 166 180 250
car 221 236 357 308
car 389 234 536 301
car 360 220 472 277
car 294 196 404 255
car 164 208 295 267
car 226 145 341 207
car 182 124 264 164
trafficlight 184 75 242 144
trafficlight 133 55 194 142
trafficlight 422 136 468 184

http://140.115.152.223:7001/data/dataset/streetview/n04335209_17411.JPEG
person 316 256 428 452
motorcycle 344 332 408 454
car 416 252 557 414
car 128 303 128 303
car 119 295 236 352
trafficlight 515 92 572 152
tree 456 32 592 324
tree 432 128 504 315
tree 379 144 455 329

http://140.115.152.223:7001/data/dataset/streetview/n04335209_8242.JPEG
car 120 243 252 316
car 295 247 364 284
tree 6 130 232 311
tree 292 148 390 280
tree 460 137 587 302

http://140.115.152.223:7001/data/dataset/streetview/n04335209_12399.JPEG
car 308 295 382 352
car 396 260 470 350
car 150 270 247 340
car 50 266 166 341
tree 424 151 535 332
tree 93 195 178 329
tree 278 181 344 288
person 547 279 584 360
person 507 288 540 350
person 500 290 524 341
tree 14 209 83 348

http://140.115.152.223:7001/data/dataset/streetview/n04335209_14812.JPEG
car 9 326 84 384
car 284 311 331 348
car 319 319 372 357
car 240 304 294 346
car 223 323 254 351
car 198 316 237 351
car 167 300 220 352
car 157 315 185 343
tree 411 209 504 361
tree 344 237 410 348
tree 266 268 332 344
tree 206 244 259 344
trafficlight 265 143 328 222
trafficlight 353 152 426 228

http://140.115.152.223:7001/data/dataset/streetview/n04335209_7988.JPEG
tree 438 242 612 471
tree 108 141 220 288
tree 151 104 276 295

http://140.115.152.223:7001/data/dataset/streetview/n04335209_15126.JPEG
car 236 319 306 403
car 321 338 371 401
car 385 336 453 404
person 449 344 484 407
person 582 337 617 410
person 148 342 165 393
person 156 342 180 393

http://140.115.152.223:7001/data/dataset/streetview/n04335209_5957.JPEG
person 116 1 234 392
person 11 7 135 408

http://140.115.152.223:7001/data/dataset/streetview/n04335209_11422.JPEG
tree 152 25 152 25
tree 148 9 301 386
tree 39 1 215 406
tree 478 1 640 368
car 472 288 540 379
car 537 305 602 363
car 597 312 638 372

http://140.115.152.223:7001/data/dataset/streetview/n04335209_15190.JPEG
person 274 238 487 473
person 439 240 497 326
person 492 240 546 310
person 277 244 324 306
person 317 244 364 302

http://140.115.152.223:7001/data/dataset/streetview/n04335209_18559.JPEG
car 188 336 332 477
car 444 344 550 463
car 528 321 636 477
car 324 351 416 424
car 36 348 88 387
car 107 355 151 392

http://140.115.152.223:7001/data/dataset/streetview/n04335209_2695.JPEG
car 266 361 448 478
tree 16 197 135 425
tree 168 227 255 423
tree 288 268 348 412
tree 339 277 405 424

http://140.115.152.223:7001/data/dataset/streetview/n04335209_12789.JPEG
person 238 169 402 457
person 398 89 636 475

http://140.115.152.223:7001/data/dataset/streetview/n04335209_16239.JPEG
person 193 306 282 448
person 108 342 157 417
person 51 342 101 423
tree 1 210 100 437

http://140.115.152.223:7001/data/dataset/streetview/n04335209_13353.JPEG
person 376 143 422 259
person 424 144 485 276
person 488 148 536 280
person 526 136 592 274
person 592 160 628 264
person 324 148 387 261
person 268 151 328 266
person 215 151 273 267
person 174 150 216 268
person 149 166 188 250
person 103 166 140 250
car 1 182 149 346

http://140.115.152.223:7001/data/dataset/streetview/n04335209_6826.JPEG
car 118 244 214 330
car 252 248 306 300
car 313 249 345 289
trafficlight 390 196 424 243
trafficlight 420 194 447 231
trafficlight 438 192 468 243

http://140.115.152.223:7001/data/dataset/streetview/n04335209_18116.JPEG
car 147 222 217 271
tree 27 68 180 287

http://140.115.152.223:7001/data/dataset/streetview/n04335209_15585.JPEG
car 276 290 486 473
car 435 320 520 436
car 551 330 632 448
person 23 329 114 474
person 159 377 311 480
person 515 326 544 392
person 524 318 566 398

http://140.115.152.223:7001/data/dataset/streetview/n04335209_15587.JPEG
person 4 264 100 395
tree 283 195 381 316

http://140.115.152.223:7001/data/dataset/streetview/n04335209_4412.JPEG
person 56 416 115 480
person 102 424 152 480
person 180 398 224 467
car 2 142 66 188
car 242 121 297 162

http://140.115.152.223:7001/data/dataset/streetview/n04335209_15462.JPEG
person 202 34 424 387
person 489 60 620 324
person 120 48 220 271
person 24 20 141 289
person 172 64 233 262
person 216 62 269 270
person 312 52 386 236
person 379 80 414 220
person 412 80 444 234
person 457 79 516 243

http://140.115.152.223:7001/data/dataset/streetview/n04335209_18750.JPEG
person 252 258 377 475
person 460 207 557 475
person 513 217 637 474
person 348 167 443 412
person 252 184 346 319
bus 21 105 252 364

http://140.115.152.223:7001/data/dataset/streetview/n04335209_8020.JPEG
person 363 236 517 436
person 448 220 638 479

http://140.115.152.223:7001/data/dataset/streetview/n04335209_15166.JPEG
door 381 198 468 317

http://140.115.152.223:7001/data/dataset/streetview/n04335209_8229.JPEG
car 5 36 152 181

http://140.115.152.223:7001/data/dataset/streetview/n04335209_6118.JPEG
person 168 240 257 425

http://140.115.152.223:7001/data/dataset/streetview/n04335209_5332.JPEG
bench 325 215 560 460
person 201 159 300 347
person 157 190 242 336
bench 24 236 120 293
car 360 232 401 268
car 332 232 368 266

http://140.115.152.223:7001/data/dataset/streetview/n04335209_24075.JPEG
person 344 334 416 442
person 294 328 361 444
person 512 354 605 480
person 380 340 419 416

http://140.115.152.223:7001/data/dataset/streetview/n04335209_21663.JPEG
person 217 227 275 351
motorcycle 220 260 284 360
car 376 240 500 358
motorcycle 544 248 594 315
person 70 223 131 308

http://140.115.152.223:7001/data/dataset/streetview/n04335209_4013.JPEG
car 71 200 296 346
car 271 189 365 276
car 332 202 388 261
person 458 190 507 279
person 496 224 528 284
tree 77 63 292 291

http://140.115.152.223:7001/data/dataset/streetview/n04335209_2958.JPEG
person 117 296 169 389
person 151 296 206 382
person 519 297 557 371
car 3 300 136 382
car 228 296 321 370

http://140.115.152.223:7001/data/dataset/streetview/n04335209_4443.JPEG
car 332 285 376 331
tree 268 3 583 407

http://140.115.152.223:7001/data/dataset/streetview/n04335209_15577.JPEG
person 25 381 87 479
person 194 388 225 454
person 426 384 483 479
person 369 376 422 477
person 316 373 369 478
person 272 408 322 478
person 236 389 288 476

http://140.115.152.223:7001/data/dataset/streetview/n04335209_17923.JPEG
person 440 414 467 477
person 456 413 484 476
person 217 404 250 468

http://140.115.152.223:7001/data/dataset/streetview/n04335209_11768.JPEG
person 46 226 154 378
car 415 232 637 470
car 378 253 488 384
car 336 252 424 334

http://140.115.152.223:7001/data/dataset/streetview/n04335209_10003.JPEG
person 41 303 148 476
person 121 300 200 481
person 3 302 64 473
person 326 312 438 480
person 364 279 448 479
car 184 254 396 432
car 212 228 324 298
car 332 199 434 276
car 126 223 211 288
car 66 223 134 286
car 510 192 632 296
person 428 231 456 297
person 499 224 536 295
person 462 227 488 285
person 452 220 479 281

http://140.115.152.223:7001/data/dataset/streetview/n04335209_19413.JPEG
person 158 305 211 393
person 297 303 325 363
person 320 291 355 364
car 10 287 172 403

http://140.115.152.223:7001/data/dataset/streetview/n04335209_17215.JPEG
person 515 259 549 324
car 544 264 591 317
car 602 262 639 316
car 489 256 547 302
car 457 256 508 296

http://140.115.152.223:7001/data/dataset/streetview/n04335209_11961.JPEG
person 2 287 110 473
tree 16 3 260 449
bus 385 181 520 304
bus 302 178 395 282
bus 268 219 319 263

http://140.115.152.223:7001/data/dataset/streetview/n04335209_16727.JPEG
person 243 288 281 391
person 173 282 225 396
person 205 286 245 404
person 100 298 138 407
person 61 285 104 406
tree 352 79 496 437
tree 440 164 568 388

http://140.115.152.223:7001/data/dataset/streetview/n04335209_2839.JPEG
person 268 283 365 477
person 392 295 464 480
person 449 308 539 480
person 320 296 406 477
car 473 277 630 418
person 163 293 236 396

http://140.115.152.223:7001/data/dataset/streetview/n04335209_12480.JPEG
car 287 293 392 408
car 182 282 264 384
car 422 244 568 390
car 334 257 428 352
car 541 293 636 392
tree 308 132 400 346

http://140.115.152.223:7001/data/dataset/streetview/n04335209_17381.JPEG
trafficlight 83 125 130 230
car 297 327 332 375
car 192 324 257 382
car 351 319 402 384
car 405 324 489 389

http://140.115.152.223:7001/data/dataset/streetview/n04335209_5936.JPEG
person 191 302 261 457
person 290 317 349 440
person 360 310 412 452
person 536 311 604 455
person 123 316 176 436
person 81 320 136 427
person 4 323 53 433
trafficlight 588 156 633 255

http://140.115.152.223:7001/data/dataset/streetview/n04335209_6954.JPEG
person 420 210 491 419
person 184 232 252 391
person 167 236 223 383
person 127 236 177 379
person 322 194 368 274
motorcycle 326 242 370 304
motorcycle 248 227 285 291
car 352 173 405 256
car 216 191 306 281
person 546 194 582 292
person 524 200 552 294

http://140.115.152.223:7001/data/dataset/streetview/n04335209_17590.JPEG
car 80 239 232 348
car 183 220 268 330

http://140.115.152.223:7001/data/dataset/streetview/n04335209_14968.JPEG
car 495 342 581 411
person 576 346 618 439
person 213 332 244 400
person 243 333 272 403
person 50 341 89 435
person 29 340 69 443
trafficlight 288 228 333 336

http://140.115.152.223:7001/data/dataset/streetview/n04335209_6819.JPEG
person 141 241 208 360
person 364 241 410 329
person 305 253 337 331

http://140.115.152.223:7001/data/dataset/streetview/n04335209_17584.JPEG
person 113 227 215 415
person 94 242 149 343
person 281 225 318 351
person 464 243 499 352
person 444 249 483 351
bicycle 104 291 168 407
person 564 239 628 382
car 372 247 458 338
car 244 244 307 328

http://140.115.152.223:7001/data/dataset/streetview/n04335209_16779.JPEG
door 299 282 375 448
person 11 317 68 422
person -1 316 31 424

http://140.115.152.223:7001/data/dataset/streetview/n04335209_4765.JPEG
person 278 346 355 480
person 326 335 394 452
person 557 343 615 446
trafficlight 541 281 600 371
person 232 348 268 422
person 248 353 281 417
person 173 343 208 421
trafficlight 212 305 247 370

http://140.115.152.223:7001/data/dataset/streetview/n04335209_4842.JPEG
car 288 390 328 441

http://140.115.152.223:7001/data/dataset/streetview/n04335209_6496.JPEG
car 214 323 426 456
person 546 324 581 386
person 517 318 556 392
person 91 318 141 403
person 75 318 105 407
person 37 307 74 390
person 184 316 223 387
car 204 328 247 376
trafficlight 343 285 382 336

http://140.115.152.223:7001/data/dataset/streetview/n04335209_3285.JPEG
car 212 325 364 414
car 501 350 631 481

http://140.115.152.223:7001/data/dataset/streetview/n04335209_13627.JPEG
door 396 209 486 356

http://140.115.152.223:7001/data/dataset/streetview/n04335209_6300.JPEG
person 270 283 350 466

http://140.115.152.223:7001/data/dataset/streetview/n04335209_18522.JPEG
tree 103 120 212 464
tree 149 195 220 460
tree 458 187 556 453
person 0 272 66 469
person 108 286 166 417

http://140.115.152.223:7001/data/dataset/streetview/n04335209_3581.JPEG
car 71 243 355 459
car 433 292 632 478
car 439 279 621 462
car 311 264 408 351
car 0 299 96 351

http://140.115.152.223:7001/data/dataset/streetview/n04335209_16830.JPEG
car 269 323 581 477
car 157 350 304 455
car 127 360 209 435
person 106 387 167 476
person 269 393 315 474
person 48 368 116 476
person 21 383 67 475

http://140.115.152.223:7001/data/dataset/streetview/n04335209_21744.JPEG
person 175 321 206 385
person 308 315 340 377
tree 312 208 406 373
tree 376 172 500 386
tree 5 5 145 375
bench 494 354 548 416

http://140.115.152.223:7001/data/dataset/streetview/n04335209_5390.JPEG
door 378 311 439 431

http://140.115.152.223:7001/data/dataset/streetview/n04335209_12956.JPEG
car 0 305 378 397

http://140.115.152.223:7001/data/dataset/streetview/n04335209_14438.JPEG
person 362 316 566 475

http://140.115.152.223:7001/data/dataset/streetview/n04335209_6357.JPEG
car 101 308 196 383

http://140.115.152.223:7001/data/dataset/streetview/n04335209_12885.JPEG
person 223 216 355 480
person 107 220 182 398
person 148 202 214 411
person 196 189 264 344
person 404 193 452 336
person 428 182 475 332
person 480 207 537 376
person 528 201 593 392
person 582 222 633 393
person 371 179 426 300
car 283 213 424 370
car 222 205 310 300

http://140.115.152.223:7001/data/dataset/streetview/n04335209_9395.JPEG
person 370 269 476 439
person 70 268 156 373
person 41 309 100 387
car 367 252 603 397

http://140.115.152.223:7001/data/dataset/streetview/n04335209_17362.JPEG
car 337 271 419 337
motorcycle 164 302 282 409

http://140.115.152.223:7001/data/dataset/streetview/n04335209_23979.JPEG
car 254 218 312 295
person 297 222 356 306
person 543 184 616 360
person 200 220 240 296
person 184 220 224 292
car 6 217 182 474
car 7 188 203 362
person 590 188 639 383

http://140.115.152.223:7001/data/dataset/streetview/n04335209_11711.JPEG
car 348 352 425 467
car 414 360 477 434

http://140.115.152.223:7001/data/dataset/streetview/n04335209_11345.JPEG
person 399 148 536 413
person 300 181 424 395
person 223 176 316 376
person 94 174 205 367
person 136 161 240 350

http://140.115.152.223:7001/data/dataset/streetview/n04335209_14126.JPEG
car 508 282 581 368
car 527 245 604 356
car 332 252 414 355

http://140.115.152.223:7001/data/dataset/streetview/n04335209_16617.JPEG
car 277 379 350 454
car 457 386 638 480
car 383 393 501 472

http://140.115.152.223:7001/data/dataset/streetview/n04335209_10501.JPEG
person 231 270 329 459
person 340 252 474 477

http://140.115.152.223:7001/data/dataset/streetview/n04335209_16845.JPEG
person 10 294 205 480
person 125 360 230 473

http://140.115.152.223:7001/data/dataset/streetview/n04335209_13215.JPEG
person 265 9 436 233
person 296 238 124 1

http://140.115.152.223:7001/data/dataset/streetview/n04335209_6057.JPEG
car 272 288 418 453
car 126 328 251 433
car 108 339 182 430
person 562 308 625 448
trafficlight 538 248 612 336
trafficlight 382 196 474 269

http://140.115.152.223:7001/data/dataset/streetview/n04335209_3696.JPEG
person 432 326 523 477
person 392 321 450 477
person 374 325 412 436
person 340 327 380 444
person 223 313 276 478
person 185 317 232 466
person 107 308 173 464

http://140.115.152.223:7001/data/dataset/streetview/n04335209_3429.JPEG
car 438 185 626 278

http://140.115.152.223:7001/data/dataset/streetview/n04335209_12693.JPEG
person 295 314 410 472
person 422 317 488 441
person 509 323 573 452

http://140.115.152.223:7001/data/dataset/streetview/n04335209_24269.JPEG
person 284 242 320 291
person 387 250 433 291

http://140.115.152.223:7001/data/dataset/streetview/n04335209_3445.JPEG
motorcycle 184 221 330 388
person 227 201 310 350
person 449 172 636 476
person 56 219 110 319
motorcycle 456 222 541 327

http://140.115.152.223:7001/data/dataset/streetview/n04335209_25139.JPEG
car 380 300 478 383
car 485 295 639 477
car 136 284 284 406
car 8 344 234 476

http://140.115.152.223:7001/data/dataset/streetview/n04335209_4621.JPEG
person 153 241 231 384
person 238 236 296 380
person 268 250 324 420
person 304 226 386 433
person 388 242 465 446
person 436 237 572 477
person 538 418 605 477

http://140.115.152.223:7001/data/dataset/streetview/n04335209_13253.JPEG
car 6 218 230 413
car 139 196 288 335
tree 324 3 637 300

http://140.115.152.223:7001/data/dataset/streetview/n04335209_15374.JPEG
car 319 347 448 451
person 136 358 191 446
person 103 335 163 445
person 197 339 241 433
bicycle 402 376 478 475
tree 451 129 636 440

http://140.115.152.223:7001/data/dataset/streetview/n04335209_21259.JPEG
car 312 334 432 453
car 389 317 492 442
person 457 344 525 475
person 525 334 604 476
person 240 346 297 469
person 39 349 100 475
person 11 346 67 450

http://140.115.152.223:7001/data/dataset/streetview/n04335209_3352.JPEG
car 392 267 563 375
car 27 260 216 434
tree 448 183 587 384
tree 344 218 435 360
tree 37 168 243 396

http://140.115.152.223:7001/data/dataset/streetview/n04335209_9500.JPEG
car 82 102 332 368
person 48 107 159 392
person 328 105 393 312
person 409 112 496 358
person 542 128 635 479
person 515 83 584 329
person 470 128 540 300

http://140.115.152.223:7001/data/dataset/streetview/n04335209_6701.JPEG
person 490 230 556 344
car 40 213 230 366
car 224 232 323 304
car 371 229 475 336
tree 124 44 352 342

http://140.115.152.223:7001/data/dataset/streetview/n04335209_17713.JPEG
car 230 285 400 466
car 122 283 280 395
car 363 279 454 404
person 473 275 516 362

http://140.115.152.223:7001/data/dataset/streetview/n04335209_15136.JPEG
car 316 300 456 392
car 412 272 632 452
car 232 308 331 373
car 149 314 242 376
car 100 309 184 372
car 5 319 96 431
tree 204 156 377 391

http://140.115.152.223:7001/data/dataset/streetview/n04335209_21446.JPEG
person 219 147 384 359
motorcycle 204 198 395 343
person 156 172 222 291

http://140.115.152.223:7001/data/dataset/streetview/n04335209_4505.JPEG
car 509 344 601 428
car 568 341 640 453

http://140.115.152.223:7001/data/dataset/streetview/n04335209_10557.JPEG
tree 26 14 231 377
tree 346 3 550 356

http://140.115.152.223:7001/data/dataset/streetview/n04335209_12130.JPEG
person 41 194 97 343
person 7 217 64 404
tree 200 87 348 236

http://140.115.152.223:7001/data/dataset/streetview/n04335209_15520.JPEG
car 337 337 636 476
car 241 344 372 444
car 150 348 284 450
person 156 349 232 474

http://140.115.152.223:7001/data/dataset/streetview/n04335209_8813.JPEG
person 66 359 132 480
person 16 348 67 453
person 237 334 260 405
person 250 329 276 399
motorcycle 364 339 407 421

http://140.115.152.223:7001/data/dataset/streetview/n04335209_5950.JPEG
car 360 348 540 479
car 501 340 638 468
car 213 344 414 472
car 54 346 297 472
tree 144 213 260 358
tree 372 228 457 363

http://140.115.152.223:7001/data/dataset/streetview/n04335209_12199.JPEG
person 199 312 260 400
person 453 311 490 391
person 595 316 637 423
person 30 313 69 399
tree 94 90 263 388

http://140.115.152.223:7001/data/dataset/streetview/n04335209_14935.JPEG
car 9 160 540 478
car 563 168 636 248
car 483 159 544 219

http://140.115.152.223:7001/data/dataset/streetview/n04335209_15359.JPEG
person 428 222 497 463
person 469 228 579 462

http://140.115.152.223:7001/data/dataset/streetview/n04335209_4015.JPEG
person 572 369 640 475
person 75 385 128 480
person 24 366 66 480
person 118 377 148 458

http://140.115.152.223:7001/data/dataset/streetview/n04335209_10088.JPEG
person 171 274 237 424
person 376 266 433 380

http://140.115.152.223:7001/data/dataset/streetview/n04335209_4804.JPEG
person 381 171 457 362
person 332 215 405 339
person 91 232 139 340
person 12 208 99 357

http://140.115.152.223:7001/data/dataset/streetview/n04335209_5732.JPEG
door 200 252 298 456

http://140.115.152.223:7001/data/dataset/streetview/n04335209_12768.JPEG
car 228 229 335 374
person 218 273 248 355
person 500 288 561 364
car 87 248 213 364
car 14 248 132 413
trafficlight 189 100 246 188
trafficlight 360 152 406 221

http://140.115.152.223:7001/data/dataset/streetview/n04335209_16349.JPEG
door 216 300 276 460

http://140.115.152.223:7001/data/dataset/streetview/n04335209_6588.JPEG
car 56 324 124 370

http://140.115.152.223:7001/data/dataset/streetview/n04335209_23966.JPEG
person 115 293 162 390
person 148 295 188 384
person 190 292 223 393
person 218 290 253 385
person 284 300 313 391
person 296 278 347 388
person 36 298 76 374
person 7 332 44 387
person 386 296 438 408

http://140.115.152.223:7001/data/dataset/streetview/n04335209_10136.JPEG
person 393 168 480 370
person 299 180 355 314
person 255 181 304 313
person 143 160 202 338
chair 64 256 147 376
chair 1 282 76 399

http://140.115.152.223:7001/data/dataset/streetview/n04335209_10666.JPEG
person 408 245 472 384

http://140.115.152.223:7001/data/dataset/streetview/n04335209_10172.JPEG
car 265 131 635 482
car 203 264 257 336

http://140.115.152.223:7001/data/dataset/streetview/n04335209_7017.JPEG
tree 379 189 570 449
tree 100 211 361 425
person 54 313 88 409
person 427 336 480 413

http://140.115.152.223:7001/data/dataset/streetview/n04335209_16145.JPEG
person 31 352 77 443
person 104 360 153 453

http://140.115.152.223:7001/data/dataset/streetview/n04335209_19046.JPEG
tree 465 2 632 378
tree 200 54 325 319
tree 330 68 433 345
car 380 272 456 356
car 513 279 636 476
car 24 255 186 403
tree 13 8 184 349

http://140.115.152.223:7001/data/dataset/streetview/n04335209_12062.JPEG
car 380 268 484 371
car 472 268 632 393
person 54 294 96 386

http://140.115.152.223:7001/data/dataset/streetview/n04335209_6780.JPEG
person 30 194 123 408
person 213 206 272 404
person 168 210 228 350
person 411 220 471 384
person 490 222 533 362
person 551 220 603 390
person 336 221 364 300
person 300 228 336 306

http://140.115.152.223:7001/data/dataset/streetview/n04335209_11306.JPEG
person 382 180 430 338
person 322 196 367 325
person 184 176 238 352

http://140.115.152.223:7001/data/dataset/streetview/n04335209_5291.JPEG
car 92 328 324 450
car 0 324 108 426

http://140.115.152.223:7001/data/dataset/streetview/n04335209_1946.JPEG
car 344 277 392 334
person 588 236 636 384

http://140.115.152.223:7001/data/dataset/streetview/n04335209_289.JPEG
car 408 311 464 381
tree 165 7 316 365

http://140.115.152.223:7001/data/dataset/streetview/n04335209_11258.JPEG
tree 243 82 399 366
tree 509 121 613 307
motorcycle 27 287 69 352

http://140.115.152.223:7001/data/dataset/streetview/n04335209_14689.JPEG
person 233 95 352 448
person 301 72 448 400
person 136 124 249 422
person 81 98 165 429
bus 363 2 611 292

http://140.115.152.223:7001/data/dataset/streetview/n04335209_19369.JPEG
chair 331 231 402 324
car 258 176 340 251
tree 427 123 511 223

http://140.115.152.223:7001/data/dataset/streetview/n04335209_1072.JPEG
person 430 249 520 402
car 324 240 479 375
car 239 232 386 327
car 132 240 272 341
car 15 257 212 368

http://140.115.152.223:7001/data/dataset/streetview/n04335209_10806.JPEG
car 339 316 448 451
car 399 330 507 480
car 442 345 580 470

http://140.115.152.223:7001/data/dataset/streetview/n04335209_8812.JPEG
tree 31 118 192 383

http://140.115.152.223:7001/data/dataset/streetview/n04335209_6553.JPEG
car 64 184 336 364
car 299 184 437 312
car 394 204 472 281

http://140.115.152.223:7001/data/dataset/streetview/n04335209_7995.JPEG
person 112 8 593 458
motorcycle 38 118 615 460
person 120 28 205 183
person 4 47 49 203
person 422 48 486 124

http://140.115.152.223:7001/data/dataset/streetview/n04335209_13904.JPEG
car 349 328 494 432
car 265 332 397 403

http://140.115.152.223:7001/data/dataset/streetview/n04335209_10198.JPEG
bus 402 260 544 422

http://140.115.152.223:7001/data/dataset/streetview/n04335209_3946.JPEG
person 89 269 301 476
person 495 283 596 428
person 444 288 517 417

http://140.115.152.223:7001/data/dataset/streetview/n04335209_8159.JPEG
person 276 353 341 465
bus 61 313 223 452

http://140.115.152.223:7001/data/dataset/streetview/n04335209_4778.JPEG
person 189 74 521 432
person 131 168 258 344
person 556 166 622 301

http://140.115.152.223:7001/data/dataset/streetview/n04335209_4625.JPEG
person 84 269 149 403
tree 416 116 554 340
bus 356 248 493 351

http://140.115.152.223:7001/data/dataset/streetview/n04335209_20746.JPEG
door 404 328 462 425
person 98 344 164 444
car 12 362 133 475

http://140.115.152.223:7001/data/dataset/streetview/n04335209_9342.JPEG
car 190 24 605 320

http://140.115.152.223:7001/data/dataset/streetview/n04335209_12708.JPEG
car 180 305 492 480
car 67 290 187 366
car 164 294 284 367
door 449 231 574 384

http://140.115.152.223:7001/data/dataset/streetview/n04335209_7700.JPEG
trafficlight 537 144 623 307
person 35 276 130 474
car 364 297 403 344
car 424 300 492 355
bus 281 264 354 347

http://140.115.152.223:7001/data/dataset/streetview/n04335209_4496.JPEG
person 94 231 130 316
person 124 240 167 308
person 55 235 90 295
bus 203 212 572 410

http://140.115.152.223:7001/data/dataset/streetview/n04335209_389.JPEG
car 291 271 348 316
car 253 254 295 308
car 113 261 200 311
car 350 257 389 305
car 423 274 531 400
car 474 279 602 440
tree 169 178 232 289

http://140.115.152.223:7001/data/dataset/streetview/n04335209_13654.JPEG
car 505 318 638 453
car 335 330 497 412
tree 460 228 539 403
tree 381 272 436 368
tree 345 258 406 365

http://140.115.152.223:7001/data/dataset/streetview/n04335209_15583.JPEG
person 33 256 104 416
person 101 245 199 452
person 454 226 536 382
person 224 236 300 368
person 417 236 456 353

http://140.115.152.223:7001/data/dataset/streetview/n04335209_8596.JPEG
person 177 288 233 394
person 455 294 501 406

http://140.115.152.223:7001/data/dataset/streetview/n04335209_15626.JPEG
door 336 269 435 476
door 452 285 544 466
door 542 284 620 455

http://140.115.152.223:7001/data/dataset/streetview/n04335209_9291.JPEG
person 5 333 162 477
person 436 301 504 433
person 545 292 637 476
car 122 292 275 402
car 228 292 341 395
car 305 285 386 369
car 362 292 422 369
car 5 284 148 425

http://140.115.152.223:7001/data/dataset/streetview/n04335209_6378.JPEG
car 106 288 254 425
car 213 305 289 371
car 308 299 378 357
car 360 300 442 364
car 403 299 480 370
car 460 312 538 373
car 552 314 640 374
person 12 284 48 371
trafficlight 2 202 40 267

http://140.115.152.223:7001/data/dataset/streetview/n04335209_15708.JPEG
person 231 294 272 381

http://140.115.152.223:7001/data/dataset/streetview/n04335209_24903.JPEG
person 459 78 605 358

http://140.115.152.223:7001/data/dataset/streetview/n04335209_4415.JPEG
car 419 356 563 458
car 551 382 640 466
car 328 354 440 444
car 277 359 355 424
car 213 354 289 415
car 193 351 247 414
car 28 348 71 388

http://140.115.152.223:7001/data/dataset/streetview/n04335209_4283.JPEG
tree 245 50 415 364
tree 212 136 300 343
tree 184 172 244 340

http://140.115.152.223:7001/data/dataset/streetview/n04335209_4717.JPEG
car 272 420 371 474
car 455 436 559 481
car 220 427 315 471

http://140.115.152.223:7001/data/dataset/streetview/n04335209_10033.JPEG
car 238 380 298 444
car 201 364 251 413
car 255 360 331 424
trafficlight 287 237 316 284
person 522 341 573 462
person 500 346 545 464

http://140.115.152.223:7001/data/dataset/streetview/n04335209_5844.JPEG
person 324 100 453 415
person 404 117 509 350
person 391 103 452 252
person 328 97 391 234

http://140.115.152.223:7001/data/dataset/streetview/n04335209_14940.JPEG
person 178 257 284 460
person 497 258 584 479
person 284 275 327 391
person 312 278 356 396
person 396 256 444 384
person 355 257 408 367

http://140.115.152.223:7001/data/dataset/streetview/n04335209_7873.JPEG
tree 7 19 376 357

http://140.115.152.223:7001/data/dataset/streetview/n04335209_11662.JPEG
car 22 213 281 463

http://140.115.152.223:7001/data/dataset/streetview/n04335209_3842.JPEG
car 29 302 500 473
car 394 220 529 310

http://140.115.152.223:7001/data/dataset/streetview/n04335209_13801.JPEG
person 189 287 274 399
person 470 296 550 396

http://140.115.152.223:7001/data/dataset/streetview/n04335209_4637.JPEG
person 411 304 510 427
person 248 318 312 384
person 332 319 372 367

http://140.115.152.223:7001/data/dataset/streetview/n04335209_14910.JPEG
car 110 280 460 456

http://140.115.152.223:7001/data/dataset/streetview/n04335209_7523.JPEG
person 66 128 271 470

http://140.115.152.223:7001/data/dataset/streetview/n04335209_24928.JPEG
car 293 238 383 336
car 180 227 320 368
car 10 241 184 451
tree 306 148 409 319
tree 403 133 551 328

http://140.115.152.223:7001/data/dataset/streetview/n04335209_17013.JPEG
person 51 213 164 428
person 98 211 212 416
person 192 206 285 373
person 419 244 469 320
chair 365 255 424 331
tree 487 199 616 385

http://140.115.152.223:7001/data/dataset/streetview/n04335209_20760.JPEG
person 7 135 170 475
person 213 168 364 396
person 410 165 537 476
person 508 180 632 454
person 174 244 236 317
person 205 181 273 327
person 354 188 387 274

http://140.115.152.223:7001/data/dataset/streetview/n04335209_7878.JPEG
person 440 231 559 467
person 81 206 188 426
person 177 226 264 376

http://140.115.152.223:7001/data/dataset/streetview/n04335209_7979.JPEG
car 352 274 543 430
car 450 251 609 374
car 64 284 361 478
car 326 257 409 339
person 47 248 99 343
person 129 258 169 339

http://140.115.152.223:7001/data/dataset/streetview/n04335209_3559.JPEG
tree 203 214 372 422
tree 5 132 227 428

http://140.115.152.223:7001/data/dataset/streetview/n04335209_17203.JPEG
tree 300 68 453 376
tree 401 151 499 405
tree 175 59 328 428

http://140.115.152.223:7001/data/dataset/streetview/n04335209_19671.JPEG
car 75 173 146 251
car 456 180 513 240
car 188 181 233 217

http://140.115.152.223:7001/data/dataset/streetview/n04335209_1084.JPEG
car 9 258 357 478

http://140.115.152.223:7001/data/dataset/streetview/n04335209_9046.JPEG
car 32 313 256 423
car 386 325 640 477

http://140.115.152.223:7001/data/dataset/streetview/n04335209_6565.JPEG
car 179 332 376 430
person 220 327 285 435
person 388 326 441 416
person 510 304 563 430
car 524 324 638 426
tree 6 4 410 420

http://140.115.152.223:7001/data/dataset/streetview/n04335209_9259.JPEG
car 481 252 604 383
car 424 276 510 370
tree 204 44 353 299

http://140.115.152.223:7001/data/dataset/streetview/n04335209_18497.JPEG
person 136 44 348 452
person 458 32 583 207
motorcycle 477 98 584 228
motorcycle 400 76 465 174

http://140.115.152.223:7001/data/dataset/streetview/n04335209_9853.JPEG
person 253 184 359 367
bicycle 24 209 155 313

http://140.115.152.223:7001/data/dataset/streetview/n04335209_9573.JPEG
car 372 252 485 341
car 119 247 172 302
car 70 216 123 248

http://140.115.152.223:7001/data/dataset/streetview/n04335209_4143.JPEG
person 200 244 288 461
person 245 224 348 448
person 92 228 152 358
person 56 225 112 340
person 180 226 231 354

http://140.115.152.223:7001/data/dataset/streetview/n04335209_22169.JPEG
car 4 336 196 474
motorcycle 199 368 272 439
motorcycle 292 368 369 430

http://140.115.152.223:7001/data/dataset/streetview/n04335209_459.JPEG
car 330 16 440 81

http://140.115.152.223:7001/data/dataset/streetview/n04335209_3829.JPEG
tree 368 11 636 324

http://140.115.152.223:7001/data/dataset/streetview/n04335209_11713.JPEG
person 169 263 227 368
person 320 271 354 345
person 540 285 589 401
person 130 261 168 348
tree 47 8 252 332

http://140.115.152.223:7001/data/dataset/streetview/n04335209_18575.JPEG
tree 441 155 605 440
car 506 385 622 456
trafficlight 363 341 395 388
trafficlight 227 341 256 391
person 104 408 147 470
person 128 412 156 458
person 219 397 252 455
person 327 402 376 458

http://140.115.152.223:7001/data/dataset/streetview/n04335209_9834.JPEG
car 407 400 572 456
car 525 384 636 444

http://140.115.152.223:7001/data/dataset/streetview/n04335209_25091.JPEG
person 124 252 194 447
person 217 291 272 434
person 348 224 404 384
person 381 224 424 396
person 418 234 468 377
person 439 232 498 390
person 558 199 628 388
person 7 296 61 434
person 72 176 108 304
person 96 148 134 288
person 165 205 222 348
person 308 164 353 264
person 386 184 426 263
person 460 196 520 338
person 492 244 556 336

http://140.115.152.223:7001/data/dataset/streetview/n04335209_4213.JPEG
person 8 80 316 440
bench 32 184 362 471
person 386 4 488 243
person 452 14 523 238
person 517 34 632 267
person 496 4 554 236
car 148 4 244 65
car 270 6 359 66
car 9 1 76 54

http://140.115.152.223:7001/data/dataset/streetview/n04335209_9606.JPEG
car 124 340 332 450
car 269 358 424 455
car 400 356 510 435

http://140.115.152.223:7001/data/dataset/streetview/n04335209_24276.JPEG
person 151 184 351 479
car 420 222 578 314
car 24 241 136 336

http://140.115.152.223:7001/data/dataset/streetview/n04335209_2089.JPEG
car 55 315 294 463
trafficlight 208 60 317 166

http://140.115.152.223:7001/data/dataset/streetview/n04335209_15980.JPEG
car 215 345 295 420
car 459 364 507 389

http://140.115.152.223:7001/data/dataset/streetview/n04335209_2811.JPEG
car 464 306 563 390
car 263 314 307 357
person 189 301 276 425

http://140.115.152.223:7001/data/dataset/streetview/n04335209_8739.JPEG
person 149 241 226 396
person 532 238 595 374
person 589 253 639 378
person 242 223 308 325

http://140.115.152.223:7001/data/dataset/streetview/n04335209_5790.JPEG
person 256 294 327 416
person 288 288 347 382
car 371 297 442 353
car 77 287 242 392
car 192 283 301 387

http://140.115.152.223:7001/data/dataset/streetview/n04335209_12166.JPEG
person 336 236 416 372
person 485 234 584 420

http://140.115.152.223:7001/data/dataset/streetview/n04335209_17242.JPEG
door 335 240 418 374
door 440 204 543 395

http://140.115.152.223:7001/data/dataset/streetview/n04335209_17708.JPEG
person 474 312 523 410
person 420 312 475 408

http://140.115.152.223:7001/data/dataset/streetview/n04335209_2039.JPEG
person 124 40 332 399
person 354 48 520 378
person 404 23 492 204
person 484 107 557 277

http://140.115.152.223:7001/data/dataset/streetview/n04335209_20963.JPEG
person 213 301 257 391
tree 493 124 634 378
tree 10 149 128 356
person 400 308 442 401
person 558 314 589 400
bicycle 368 332 421 386
bicycle 280 330 344 377

http://140.115.152.223:7001/data/dataset/streetview/n04335209_12691.JPEG
person 260 165 345 332
person 166 176 252 344
person 442 201 513 360

http://140.115.152.223:7001/data/dataset/streetview/n04335209_6171.JPEG
car 278 393 347 460
car 420 370 478 448
trafficlight 249 201 474 289

http://140.115.152.223:7001/data/dataset/streetview/n04335209_8513.JPEG
person 123 300 188 448
person 193 307 248 444
person 327 301 374 422
person 437 308 505 432
person 509 306 561 444
person 549 316 611 448

http://140.115.152.223:7001/data/dataset/streetview/n04335209_6958.JPEG
tree 10 4 156 300
tree 105 3 251 286
tree 187 11 322 260

http://140.115.152.223:7001/data/dataset/streetview/n04335209_12736.JPEG
person 209 210 316 410

http://140.115.152.223:7001/data/dataset/streetview/n04335209_8539.JPEG
car 396 414 494 476

http://140.115.152.223:7001/data/dataset/streetview/n04335209_5058.JPEG
tree 58 10 298 414
chair 440 375 501 439
person 300 317 350 409
person 336 322 379 417

http://140.115.152.223:7001/data/dataset/streetview/n04335209_11922.JPEG
car 53 61 578 400

http://140.115.152.223:7001/data/dataset/streetview/n04335209_6347.JPEG
car 407 277 532 336

http://140.115.152.223:7001/data/dataset/streetview/n04335209_12361.JPEG
car 6 380 146 478
car 182 373 242 434
car 380 376 445 434

http://140.115.152.223:7001/data/dataset/streetview/n04335209_24411.JPEG
door 417 304 515 460
person 136 368 174 423
person 118 371 147 422

http://140.115.152.223:7001/data/dataset/streetview/n04335209_21232.JPEG
car 182 351 240 406
car 91 352 164 412

http://140.115.152.223:7001/data/dataset/streetview/n04335209_10066.JPEG
person 273 103 376 416
person 205 123 274 312
person 127 143 195 275
person 72 133 124 255

http://140.115.152.223:7001/data/dataset/streetview/n04335209_2879.JPEG
motorcycle 306 276 368 360

http://140.115.152.223:7001/data/dataset/streetview/n04335209_5485.JPEG
car 182 387 250 458

http://140.115.152.223:7001/data/dataset/streetview/n04335209_5634.JPEG
person 175 336 232 476
person 409 336 480 476
car 316 341 416 436
car 278 321 380 420
car 219 346 281 405

http://140.115.152.223:7001/data/dataset/streetview/n04335209_6934.JPEG
person 387 294 472 428

http://140.115.152.223:7001/data/dataset/streetview/n04335209_5909.JPEG
car 110 322 168 384
car 13 308 133 423
car 544 312 633 387
car 500 315 572 386

http://140.115.152.223:7001/data/dataset/streetview/n04335209_4311.JPEG
person 61 364 130 470
person 187 325 260 480
person 146 324 208 463
person 365 313 452 481
person 408 289 477 462
person 448 280 519 472

http://140.115.152.223:7001/data/dataset/streetview/n04335209_1959.JPEG
bus 219 125 446 421

http://140.115.152.223:7001/data/dataset/streetview/n04335209_11850.JPEG
person 252 213 301 351
chair 193 258 248 330

http://140.115.152.223:7001/data/dataset/streetview/n04335209_5156.JPEG
car 472 308 526 362
car 2 322 105 442
trafficlight 61 261 104 313

http://140.115.152.223:7001/data/dataset/streetview/n04335209_6282.JPEG
bicycle 330 188 542 480
person 85 140 206 331

http://140.115.152.223:7001/data/dataset/streetview/n04335209_9867.JPEG
person 259 171 371 360
person 9 172 112 310

http://140.115.152.223:7001/data/dataset/streetview/n04335209_21367.JPEG
car 176 202 310 370
car 408 214 460 294
motorcycle 523 223 577 339

http://140.115.152.223:7001/data/dataset/streetview/n04335209_13479.JPEG
car 360 272 448 368
car 137 277 252 351
car 7 286 148 403
car 261 268 321 326
car 200 277 270 332

http://140.115.152.223:7001/data/dataset/streetview/n04335209_18217.JPEG
person 329 387 398 456
person 268 381 318 465
person 527 386 594 468

http://140.115.152.223:7001/data/dataset/streetview/n04335209_14304.JPEG
person 463 242 538 416
person 394 249 426 308
tree 6 36 249 346

http://140.115.152.223:7001/data/dataset/streetview/n04335209_8295.JPEG
tree 100 166 241 402

http://140.115.152.223:7001/data/dataset/streetview/n04335209_3327.JPEG
person 436 349 492 448
person 407 357 462 441
person 192 415 264 476
person 107 403 188 479
person 38 400 96 476

http://140.115.152.223:7001/data/dataset/streetview/n04335209_18159.JPEG
car 519 245 610 324

http://140.115.152.223:7001/data/dataset/streetview/n04335209_16496.JPEG
car 307 268 422 378
car 154 260 286 351

http://140.115.152.223:7001/data/dataset/streetview/n04335209_10480.JPEG
car 20 287 424 466
car 6 319 397 478
car 456 284 548 354

http://140.115.152.223:7001/data/dataset/streetview/n04335209_7060.JPEG
person 339 220 531 476
person 505 200 638 476
person 185 227 291 448
person 113 227 223 432
person 260 229 355 467

http://140.115.152.223:7001/data/dataset/streetview/n04335209_6502.JPEG
tree 233 104 445 354

http://140.115.152.223:7001/data/dataset/streetview/n04335209_2392.JPEG
person 168 190 280 473
person 298 192 384 459
person 357 185 429 423
person 495 168 579 435
person 9 209 97 427
person 129 210 211 425
tree 67 5 352 256
tree 324 4 567 347

http://140.115.152.223:7001/data/dataset/streetview/n04335209_12949.JPEG
person 292 233 352 329

http://140.115.152.223:7001/data/dataset/streetview/n04335209_11113.JPEG
car 280 159 379 220
car 409 141 552 263
car 480 121 637 312
car 27 129 190 284

http://140.115.152.223:7001/data/dataset/streetview/n04335209_6510.JPEG
door 340 280 435 452

http://140.115.152.223:7001/data/dataset/streetview/n04335209_20018.JPEG
car 189 235 434 400
car 124 204 283 322

http://140.115.152.223:7001/data/dataset/streetview/n04335209_10745.JPEG
car 4 278 232 461
car 428 260 548 342
car 508 264 636 370
car 300 268 342 317

http://140.115.152.223:7001/data/dataset/streetview/n04335209_4480.JPEG
person 241 331 316 438
bicycle 227 377 334 453
trafficlight 227 277 257 329
trafficlight 122 284 148 327
trafficlight 100 281 129 327
car 58 338 134 392
car 446 333 511 399
car 509 337 586 397

http://140.115.152.223:7001/data/dataset/streetview/n04335209_13050.JPEG
car 116 359 237 459
car 407 354 473 440
person 4 336 55 462

http://140.115.152.223:7001/data/dataset/streetview/n04335209_16551.JPEG
person 423 359 485 476
person 517 377 573 476
person 540 348 604 478
person 350 365 424 480
person 213 358 262 473
person 100 372 148 480

http://140.115.152.223:7001/data/dataset/streetview/n04335209_8435.JPEG
tree 217 111 295 348
tree 528 4 638 312
tree 53 2 156 324

http://140.115.152.223:7001/data/dataset/streetview/n04335209_1306.JPEG
trafficlight 180 115 221 214
trafficlight 247 172 284 244
person 156 212 209 351
person 490 213 538 357
person 528 224 566 351
person 584 224 633 349
car 5 236 122 310

http://140.115.152.223:7001/data/dataset/streetview/n04335209_14844.JPEG
car 65 321 420 476
car 324 304 422 368
car 212 293 318 350
car 126 289 193 335
car 414 296 551 374
car 536 296 636 384
person 21 288 77 391

http://140.115.152.223:7001/data/dataset/streetview/n04335209_9778.JPEG
car 280 291 319 317
car 299 285 332 315
car 436 282 470 334

http://140.115.152.223:7001/data/dataset/streetview/n04335209_17442.JPEG
car 232 233 396 305
car 112 235 256 305
car 16 228 125 299
car 386 245 538 317

http://140.115.152.223:7001/data/dataset/streetview/n04335209_20634.JPEG
car 300 291 420 378
car 507 290 638 442

http://140.115.152.223:7001/data/dataset/streetview/n04335209_13787.JPEG
person 388 273 507 460
person 464 279 593 464
person 323 272 381 383
person 378 266 444 382

http://140.115.152.223:7001/data/dataset/streetview/n04335209_21672.JPEG
car 225 307 365 478
person 468 365 524 479
car 388 333 476 428

http://140.115.152.223:7001/data/dataset/streetview/n04335209_4876.JPEG
person 312 316 425 460

http://140.115.152.223:7001/data/dataset/streetview/n04335209_13628.JPEG
person 582 316 636 425

http://140.115.152.223:7001/data/dataset/streetview/n04335209_18387.JPEG
car 193 382 294 473
car 314 384 509 480
car 457 381 616 477
car 280 276 484 454
car 184 364 239 422
bus 174 275 228 353

http://140.115.152.223:7001/data/dataset/streetview/n04335209_17116.JPEG
person 345 234 403 372
person 390 217 460 378

http://140.115.152.223:7001/data/dataset/streetview/n04335209_17143.JPEG
car 463 322 548 461

http://140.115.152.223:7001/data/dataset/streetview/n04335209_16165.JPEG
bench 514 305 637 418
car 469 283 566 361
bench 53 308 144 367
car 437 272 492 328
tree 456 4 640 455
tree 127 207 194 348

http://140.115.152.223:7001/data/dataset/streetview/n04335209_17204.JPEG
person 355 197 384 259
person 336 197 362 257
car 44 173 180 289
car 135 196 209 271
car 179 180 248 267
tree 324 5 464 235
tree 387 50 485 268
tree 131 8 370 249

http://140.115.152.223:7001/data/dataset/streetview/n04335209_12195.JPEG
person 217 302 280 448
dog 276 375 359 449
car 1 314 42 379

http://140.115.152.223:7001/data/dataset/streetview/n04335209_14990.JPEG
person 501 80 629 412

http://140.115.152.223:7001/data/dataset/streetview/n04335209_6274.JPEG
trafficlight 432 3 505 95
car 220 371 271 429

http://140.115.152.223:7001/data/dataset/streetview/n04335209_6968.JPEG
car 404 304 547 466
car 472 323 632 474
car 281 294 382 372

http://140.115.152.223:7001/data/dataset/streetview/n04335209_12378.JPEG
car 292 398 454 478
car 375 372 480 468
car 472 346 637 466
car 235 388 289 438
person 10 396 69 478

http://140.115.152.223:7001/data/dataset/streetview/n04335209_16618.JPEG
person 264 103 331 347
person 350 137 423 308

http://140.115.152.223:7001/data/dataset/streetview/n04335209_17630.JPEG
door 420 320 510 469

http://140.115.152.223:7001/data/dataset/streetview/n04335209_12218.JPEG
car 69 263 100 294
tree 28 170 108 291

http://140.115.152.223:7001/data/dataset/streetview/n04335209_4935.JPEG
person 316 209 451 435
person 413 197 512 377
person 250 201 326 380
bicycle 311 292 454 455
person 118 206 182 305

http://140.115.152.223:7001/data/dataset/streetview/n04335209_4162.JPEG
person 52 173 155 375
person 210 180 273 311
person 286 187 331 293
person 471 172 562 372
person 504 166 605 365
tree 344 64 511 368

http://140.115.152.223:7001/data/dataset/streetview/n04335209_12938.JPEG
person 135 291 196 461
person 172 295 237 472
car 352 279 433 412
car 328 239 415 358

http://140.115.152.223:7001/data/dataset/streetview/n04335209_11467.JPEG
car 208 326 416 465
tree 481 236 612 435

http://140.115.152.223:7001/data/dataset/streetview/n04335209_2026.JPEG
person 348 323 401 390
person 405 302 454 411
car 427 296 618 400

http://140.115.152.223:7001/data/dataset/streetview/n04335209_14543.JPEG
person 90 305 185 391
bench 43 329 166 384

http://140.115.152.223:7001/data/dataset/streetview/n04335209_21410.JPEG
car 330 247 438 371

http://140.115.152.223:7001/data/dataset/streetview/n04335209_9936.JPEG
person 96 376 164 478
person 437 377 509 469
motorcycle 189 383 262 460

http://140.115.152.223:7001/data/dataset/streetview/n04335209_6624.JPEG
person 371 228 418 314
person 109 226 160 312
car 325 230 363 268
car 280 205 321 249

http://140.115.152.223:7001/data/dataset/streetview/n04335209_11305.JPEG
person 28 217 113 454
person 340 208 432 441
person 419 206 528 439
person 299 220 344 352

http://140.115.152.223:7001/data/dataset/streetview/n04335209_15632.JPEG
person 332 319 400 427
car 216 328 296 386

http://140.115.152.223:7001/data/dataset/streetview/n04335209_8186.JPEG
tree 388 125 520 396
tree 69 137 206 364
person 206 278 234 348
person 224 260 265 349
person 462 272 497 361
person 490 277 541 364

http://140.115.152.223:7001/data/dataset/streetview/n04335209_21848.JPEG
car 196 221 412 398
car 345 247 436 346
car 14 280 290 473
car 95 248 218 312
car 188 228 264 310

http://140.115.152.223:7001/data/dataset/streetview/n04335209_4542.JPEG
person 349 3 432 272
person 414 8 501 268
person 268 32 328 183
person 219 40 268 164
person 187 34 232 164
person 117 31 171 198

http://140.115.152.223:7001/data/dataset/streetview/n04335209_21055.JPEG
person 412 184 496 396
tree 507 0 633 412
tree 71 1 233 291

http://140.115.152.223:7001/data/dataset/streetview/n04335209_416.JPEG
car 175 332 297 480
car 426 346 597 476
car 383 335 486 456

http://140.115.152.223:7001/data/dataset/streetview/n04335209_18557.JPEG
car 355 199 448 292

http://140.115.152.223:7001/data/dataset/streetview/n04335209_9222.JPEG
car 248 238 444 404
car 528 312 632 416

http://140.115.152.223:7001/data/dataset/streetview/n04335209_6994.JPEG
person 50 77 99 258
person 91 66 164 284
person 180 81 250 272
person 309 80 359 256
person 333 121 444 296
person 262 108 320 264
person 447 108 632 400

http://140.115.152.223:7001/data/dataset/streetview/n04335209_21507.JPEG
person 84 241 179 412
person 35 269 111 432
person 486 275 529 372
person 513 267 555 372
person 572 206 636 370
person 303 222 343 322

http://140.115.152.223:7001/data/dataset/streetview/n04335209_11954.JPEG
car 185 310 280 377

http://140.115.152.223:7001/data/dataset/streetview/n04335209_11630.JPEG
car 128 206 624 468

http://140.115.152.223:7001/data/dataset/streetview/n04335209_18738.JPEG
car 105 283 280 375

http://140.115.152.223:7001/data/dataset/streetview/n04335209_9651.JPEG
bus 230 306 384 382

http://140.115.152.223:7001/data/dataset/streetview/n04335209_12532.JPEG
car 378 264 463 332

http://140.115.152.223:7001/data/dataset/streetview/n04335209_2660.JPEG
trafficlight 13 55 73 169

http://140.115.152.223:7001/data/dataset/streetview/n04335209_7796.JPEG
tree 353 175 633 457

http://140.115.152.223:7001/data/dataset/streetview/n04335209_13137.JPEG
person 471 287 558 462
person 244 281 295 404
person 177 271 240 401
person 128 282 192 409
person 40 273 118 423

http://140.115.152.223:7001/data/dataset/streetview/n04335209_6234.JPEG
person 281 264 341 376
person 345 259 424 377
person 452 266 526 409

http://140.115.152.223:7001/data/dataset/streetview/n04335209_6433.JPEG
car 90 262 267 391
car 246 256 328 347
car 332 270 381 316

http://140.115.152.223:7001/data/dataset/streetview/n04335209_7336.JPEG
car 40 371 186 476
tree 384 3 600 476
tree 126 18 367 460

http://140.115.152.223:7001/data/dataset/streetview/n04335209_17408.JPEG
tree 20 4 167 309

http://140.115.152.223:7001/data/dataset/streetview/n04335209_9820.JPEG
car 463 352 516 408
tree 484 38 638 433
tree 423 215 540 407

http://140.115.152.223:7001/data/dataset/streetview/n04335209_5514.JPEG
motorcycle 188 312 412 466
person 127 246 192 440
person 322 249 396 424
trafficlight 470 13 556 148

http://140.115.152.223:7001/data/dataset/streetview/n04335209_7125.JPEG
car 296 324 365 384

http://140.115.152.223:7001/data/dataset/streetview/n04335209_8266.JPEG
bus 376 315 595 459
bus 155 308 426 431
person 255 360 289 432
person 300 359 340 427
car 568 374 638 464

http://140.115.152.223:7001/data/dataset/streetview/n04335209_17983.JPEG
car 537 300 634 373

http://140.115.152.223:7001/data/dataset/streetview/n04335209_5502.JPEG
car 375 338 476 433

http://140.115.152.223:7001/data/dataset/streetview/n04335209_15422.JPEG
bicycle 326 307 407 430
car 66 304 141 345
car 1 294 48 376

http://140.115.152.223:7001/data/dataset/streetview/n04335209_16298.JPEG
car 500 346 584 404
car 452 342 524 391

http://140.115.152.223:7001/data/dataset/streetview/n04335209_18115.JPEG
car 289 311 343 344

http://140.115.152.223:7001/data/dataset/streetview/n04335209_8119.JPEG
car 439 348 588 469
car 112 372 164 425
car 123 354 192 425
car 28 388 83 430

http://140.115.152.223:7001/data/dataset/streetview/n04335209_6527.JPEG
car 14 216 133 295

http://140.115.152.223:7001/data/dataset/streetview/n04335209_13065.JPEG
car 252 208 506 460
car 464 238 556 394
car 513 326 588 444

http://140.115.152.223:7001/data/dataset/streetview/n04335209_11141.JPEG
person 36 223 105 391
person 90 218 158 424
person 165 239 245 425
person 208 222 302 432
person 336 222 443 474
person 443 251 573 480

http://140.115.152.223:7001/data/dataset/streetview/n04335209_17156.JPEG
car 336 262 600 444

http://140.115.152.223:7001/data/dataset/streetview/n04335209_11734.JPEG
tree 469 106 612 294
car 245 236 286 288

http://140.115.152.223:7001/data/dataset/streetview/n04335209_13525.JPEG
person 320 213 405 392
bicycle 32 291 96 414
person 19 232 97 385

http://140.115.152.223:7001/data/dataset/streetview/n04335209_7151.JPEG
car 428 264 591 395
car 117 269 171 335

http://140.115.152.223:7001/data/dataset/streetview/n04335209_11050.JPEG
tree 200 131 409 357
car 339 288 397 337
car 277 291 323 320

http://140.115.152.223:7001/data/dataset/streetview/n04335209_19782.JPEG
person 386 196 460 280

http://140.115.152.223:7001/data/dataset/streetview/n04335209_6474.JPEG
person 174 100 502 474

http://140.115.152.223:7001/data/dataset/streetview/n04335209_16912.JPEG
car 257 285 416 428

http://140.115.152.223:7001/data/dataset/streetview/n04335209_12646.JPEG
tree 493 120 637 354

http://140.115.152.223:7001/data/dataset/streetview/n04335209_18956.JPEG
person 12 250 116 448
person 252 256 328 393
person 140 272 192 389
person 60 249 119 400
person 208 258 264 361
bus 385 220 578 342

http://140.115.152.223:7001/data/dataset/streetview/n04335209_11991.JPEG
car 216 384 318 472
car 345 380 389 418
motorcycle 423 400 485 475
car 507 365 591 445
car 36 375 116 445
car 71 373 166 463

http://140.115.152.223:7001/data/dataset/streetview/n04335209_3222.JPEG
bus 218 193 378 315
bus 68 189 127 280
bus 115 185 175 269
tree 412 60 580 347
